1944
9796
9585
4651
4849
10778
2631
10264
2256
3248
938
1088
4700
9883
7413
1079
1069
280
4922
1707
2094
6683
7610
42
8207
576
2160
11959
3621
2372
7486
11186
4922
4279
7502
7996
5228
11717
10077
3821
2163
7270
127
7837
3429
1182
6049
10825
11672
5796
2290
4143
8628
6091
2836
3626
7229
2599
745
9518
7351
524
5610
297
4333
9737
7897
249
3193
8608
8634
2180
5605
10262
10738
3416
5272
866
10532
5465
6240
11919
2592
11300
3982
10317
10035
1145
4768
5055
7746
9990
850
5981
1742
11764
3450
11887
11987
4133
6287
464
6455
397
9588
9329
3102
6732
6037
7301
5609
6254
4060
2519
4399
1932
8116
6730
382
363
2357
1247
11270
11692
9032
9553
10991
1726
449
2433
7876
4289
9105
11780
2756
1392
8742
841
3964
9555
5650
7704
4456
850
8448
5192
10900
4794
3854
4099
3530
6181
3660
3858
10934
2264
4118
5199
9678
2374
9418
7298
762
4188
11678
1132
9395
7245
11078
9413
1426
10186
9289
7493
4998
7364
5266
994
1602
1054
4781
2710
10683
1431
7729
3431
8314
5833
4276
8886
1164
7498
368
9854
10132
2055
4860
787
3441
1487
8755
11888
8899
2122
7519
2647
9238
9400
428
5173
3023
9720
6121
3462
670
2666
5268
1850
392
1187
7256
8443
674
5027
10245
9154
9963
5780
6719
7305
2750
6393
11838
8311
52
1733
7434
3058
9575
2097
416
6894
6395
8048
10627
7976
5019
10957
1895
821
11
10940
11028
415
11116
572
4945
9160
3919
2843
5917
7146
541
11276
1062
11917
2761
6918
6790
10889
2137
5176
7791
7972
8366
10968
9469
9704
8033
1683
8402
5350
11318
1698
1418
5921
1914
7971
8321
10974
7552
5227
4101
5276
10971
11779
3593
6106
4056
6783
7143
1929
3097
6977
7702
4606
6694
9497
2118
29
5863
1323
10019
6226
8216
3231
2744
5509
10824
6832
6197
8072
9502
1338
1289
8773
9702
4169
3789
426
2077
6302
5982
5946
8001
7508
5401
8104
10947
8159
7236
1371
8581
11254
10673
1503
11813
2637
11455
9009
8762
11071
9381
8528
7693
6923
8256
1429
9485
6629
962
5554
1014
5990
3874
10048
2092
4485
6754
8616
8207
5403
4559
7297
9257
6539
8252
8976
2873
9512
4765
8390
7630
8464
11674
250
537
10985
1924
5359
6728
11550
10141
11274
9063
8569
2591
9031
9635
6374
1751
1866
3765
1019
11786
9623
4031
9722
8864
9663
5262
4120
293
5618
3135
11180
10884
3209
5128
8709
3741
1605
3072
827
5832
3460
3373
4633
6255
10741
2237
437
11020
6878
4818
6560
8467
4518
3188
11621
8104
2287
4398
8556
10694
7507
4618
1332
8835
4668
6445
1368
5077
9743
5964
150
780
8055
5995
9322
1468
8426
2178
7771
3336
2712
7176
10756
6885
1614
9232
3120
11310
757
702
4918
1304
11578
7877
11514
2382
5414
5549
11253
3603
2485
8233
4296
7732
6052
6832
5985
454
4092
8730
9355
8135
190
8953
7933
5949
107
9961
9963
8827
10646
6045
475
6768
6911
6989
4349
1422
8988
10784
3583
6684
3289
6665
1424
4198
7473
9587
850
3192
10860
11483
7090
3027
8628
3271
5433
8074
3866
10539
10548
2269
8671
7200
11832
10684
2005
9137
7029
1903
1915
7975
3425
1762
6960
11573
367
8211
8352
8712
8692
10556
10318
6667
3844
8303
5568
9959
10030
3074
3536
8575
717
9781
9177
4288
4099
8235
7630
4434
8857
9838
8935
5628
11613
1742
11259
11376
925
1092
10716
5361
5500
4449
8883
4482
10494
4450
5508
2249
5347
3045
9645
8192
1550
2299
1616
4230
1062
11828
10683
10743
5794
8316
7234
11129
7666
9381
3508
170
3159
9209
9560
2334
4147
2939
1147
3415
7968
8664
11627
4480
4277
8252
4708
1101
10161
10814
11024
5194
6346
11729
11045
1508
11998
11517
11672
9942
3705
8675
10192
8304
7681
8741
6833
2029
1054
10400
8241
3570
8290
10358
6526
792
8398
16
6333
10682
1486
8632
5509
8045
11588
11702
1434
4574
2369
1717
7018
7810
5370
7244
5568
3953
6950
1438
4418
7391
9863
6646
11187
10989
10622
5677
5947
2830
6394
8604
1329
7050
5079
638
10721
6795
7602
7644
10263
12
2091
1305
3175
3953
11741
9719
3272
1694
3566
9381
110
1861
2102
11065
7252
8977
8307
11006
7514
439
11469
4108
2807
5136
4906
7552
11345
6052
10545
5221
3495
941
11176
3794
9416
3267
6254
6129
6918
6077
7557
750
10595
4326
6853
5762
9307
4427
10911
7488
2455
11368
5770
6341
2288
9755
10136
5199
11569
5467
7091
4508
5496
5357
4006
3830
11610
7527
10618
11290
11710
6204
678
10577
1439
7067
9420
5691
179
5142
9267
8527
2338
1964
7799
5716
8809
11686
8932
10764
2573
11189
10593
11623
6894
10954
3877
6208
453
9579
9736
11186
9045
9297
11703
516
56
706
8999
11791
10009
163
3520
10310
8797
2875
10837
7138
7027
10742
9249
4057
5008
2305
255
5363
7431
8949
4541
1880
2703
2547
11619
8362
6117
5279
2715
9599
7700
2163
7343
3127
4606
3088
10164
5308
10267
11748
8358
4888
2327
5845
10624
7775
6472
8299
7297
2844
1821
4905
2748
6968
7404
4025
2308
10307
524
6343
10402
8002
10438
1597
431
4025
4803
2403
93
10796
5712
6927
10448
8508
8922
105
2967
2760
9996
9495
124
8134
4607
6559
9793
8777
3122
11283
11789
8841
5875
5529
2348
5801
5133
8357
9139
10206
4813
10799
7637
4361
7355
154
3222
11695
4965
8885
4360
2266
1523
8507
498
11892
6010
2639
6054
10803
6170
7460
2913
10505
8391
10296
326
8740
4426
3936
4902
1926
1583
9501
2608
6414
10410
8270
7246
178
10650
10884
5843
9216
4384
8689
10697
6006
2792
4698
6537
8749
7845
6770
3312
9941
10517
7098
2594
989
8713
5914
6387
8111
3151
3592
5343
9703
1812
3907
6948
10612
1321
10206
3211
467
4787
7588
3693
1226
8106
7928
9422
5537
8652
6694
319
2288
5520
960
5183
2907
5128
2913
11159
5496
4001
8334
749
7823
7946
1196
3045
462
3572
5437
7808
10070
288
5385
311
11802
4355
2994
7601
5313
7540
3184
6883
10559
3101
10048
2195
11802
5524
538
2350
757
11419
2496
11339
2728
1379
461
7951
8890
2360
9718
315
11533
3278
4352
5404
7124
7045
2849
3223
10468
6128
8861
10493
8034
9995
3244
1093
5697
3449
10338
6324
7654
2845
4675
5283
3245
2592
7919
8202
8640
7103
1818
7550
7081
11463
11296
7019
10353
11643
566
1237
9641
3938
2214
9086
11647
1582
8724
4993
10086
6135
5743
9349
3162
6234
8622
11447
2582
4707
10380
1874
930
791
210
2253
11919
5340
7012
2560
8064
3429
2156
5936
4739
8625
11798
1977
10367
4488
9528
9961
11699
9468
1022
9263
6612
3407
5568
9436
6844
9218
947
2995
5330
87
8146
9885
5493
8683
2728
3964
6878
6355
2398
8499
4940
1208
11437
7766
4591
2192
10136
5301
7265
11977
1229
10141
5824
4410
9544
2638
6540
4725
7712
969
4659
10439
9729
2420
5753
8020
3560
9864
9098
2898
11658
1533
11714
299
10419
1264
528
11632
10044
853
7269
7810
3150
7965
6247
4867
1708
10266
11099
8660
5459
6992
862
8177
4988
11135
2414
7115
10955
4756
3353
918
1717
8618
6827
9333
2698
9407
7585
6810
4333
9281
6720
6715
11258
3291
11094
6335
9668
2402
2379
4022
10361
7468
1906
9625
11953
2406
1215
445
4145
9173
6225
7509
10591
8849
3356
2802
3090
6172
2756
1396
11249
7371
6907
9023
8655
4917
4478
3661
9809
6039
11179
11102
9680
4431
11657
11203
11729
8500
11187
9687
8594
846
10892
5860
10362
8378
3701
11482
2478
2502
6005
2339
6774
8320
4163
7624
3028
550
9553
11338
611
10124
4752
6218
2465
10960
10776
4534
4568
9367
10908
3194
11446
6875
10765
7106
5996
6958
8597
6666
10004
7217
2657
2463
6201
5029
5630
4953
3593
2475
5643
8859
6982
5602
5317
11443
7255
1596
598
6551
8947
9436
1769
10474
11977
6898
2120
9186
5168
3486
5122
3391
2274
2936
782
82
4709
400
13
8964
1048
226
4386
9073
3574
4459
7569
7339
772
9763
2024
8598
3639
9403
4234
11676
3044
7258
1739
6699
3091
4547
5715
10671
7554
8993
7584
9600
4934
4625
3349
8118
10519
246
8868
9540
9112
1763
7189
4681
3626
186
9406
540
4790
5028
9103
10064
3532
10169
7546
3756
6333
11954
6182
8729
972
3354
8783
3117
11548
11480
11767
9356
9514
8563
11758
6888
3718
708
8363
11195
1011
8305
7433
9864
1990
927
3771
11503
9805
9888
10241
5839
11648
1294
6712
1225
6714
3540
11008
11036
4829
1618
5245
7084
10864
4454
8448
2166
5232
4660
10284
1281
10404
6697
3018
11791
5351
3366
1493
6937
10153
3880
7940
2655
11796
11469
11884
10484
11224
6539
3180
9669
1240
8865
2380
3154
6682
1114
1188
9203
4539
193
8672
8751
8269
2491
186
10373
11576
4050
1645
5869
2245
6987
11810
1991
4368
9240
9684
3734
11405
3726
4898
3839
8997
9505
10141
5841
11306
1324
6221
5959
11894
3140
281
6553
3748
5791
1959
2607
9039
2919
984
840
1575
8594
6707
6570
3612
8769
1513
2328
5818
10785
9828
4490
10648
6584
637
7825
11247
4117
3924
8883
10243
11629
2412
5505
7368
1086
3242
5534
9857
9944
7909
6917
4913
4802
10811
5909
7255
2164
11200
1982
879
4619
4090
9287
8645
9192
10877
3174
2145
2449
11939
6271
7550
10132
3425
26
2734
5675
10715
2348
961
1912
11728
8162
4753
9589
6264
7168
2328
1019
1013
3998
8060
7276
11640
10228
1921
2765
5529
7319
4712
7867
5317
2617
8119
503
250
863
5236
11083
5712
11499
6176
2227
2913
3122
6763
8984
4806
9012
9991
8961
6674
1503
8087
4860
10665
4244
1459
6371
6687
8041
11684
6173
7647
5968
10922
24
2901
10825
3738
11476
6113
2801
7291
7698
8367
5305
2233
2232
8412
2464
1356
9186
11365
4670
2142
1456
8961
6807
871
1009
10628
3447
9768
96
5200
6285
10919
6447
5983
3511
1286
11083
11231
8537
133
2334
9683
10662
3528
9963
8929
10760
8313
3013
2743
8956
6059
4042
2325
8537
9972
4896
3576
6951
4595
6959
8057
4794
3382
2037
11210
1042
10803
10612
9694
9561
5646
10135
8405
4066
10530
1358
2713
204
9350
3414
8954
2330
11524
10409
7942
6801
7350
7765
4462
7255
667
11345
6257
10343
3225
8613
4909
10792
5788
8668
2338
4410
11959
6890
10293
4794
4096
4321
8264
10026
10384
7567
5640
11502
10276
81
4767
4328
3945
4156
2688
3330
8304
4767
923
2755
7322
1597
10541
1116
6019
6172
4087
9403
3465
2962
582
7007
2499
2642
2864
9235
8579
8395
5953
7156
9303
229
8918
10807
1620
5707
6888
6398
5597
4336
2405
7189
7834
7049
204
83
10246
1776
846
1750
4892
9089
6245
7230
885
4169
6216
8475
7173
9110
9568
4177
1045
10594
8057
11494
2738
8450
689
8907
11356
2429
7414
3490
8532
9715
1151
5205
3897
2287
5384
9657
8378
5171
5251
10832
9716
3973
11074
6881
9303
4753
2693
8887
8590
3399
6781
10820
10734
11104
9472
4518
5058
3356
3162
6546
8123
8071
1297
4167
5771
77
8220
1430
11549
8066
6836
5508
220
10519
889
1935
2827
2741
9079
5269
1877
10273
3006
6995
9688
366
2136
11081
5798
3026
10493
5645
10574
361
1735
10559
9743
1507
3515
5582
10588
10384
2752
9760
8845
2832
6436
2319
8149
10408
37
4201
8888
8164
3356
5611
6903
11203
11857
616
10236
7620
10026
2830
2432
9643
245
6607
1459
10345
5952
5940
8309
6275
5540
4373
4704
10665
9460
7774
9044
1550
11444
11688
1858
260
5546
254
6479
10149
7854
298
5549
7257
3288
6252
5157
3834
1804
8901
2036
2178
10626
7746
1237
8228
5786
10901
23
5666
5304
3952
6483
5962
11759
89
2462
3906
7774
4100
9881
9595
10146
4429
9378
658
4851
2529
10435
10748
8105
5126
6762
9837
3933
10766
5677
6860
4382
5146
7594
11550
8554
8275
3454
9989
1032
2350
10026
5522
9102
531
7523
5082
3315
9427
4777
10820
1470
4099
2512
8144
10060
1796
10796
7811
1450
9394
2790
5711
11792
1635
1224
1262
1668
10788
4789
4063
4916
5231
4718
2521
849
4731
9332
11596
9269
3802
10166
7681
10219
3577
7514
8764
7317
2978
1866
3666
4831
7759
6668
11034
2309
9105
11181
1147
6619
2012
7987
9251
11682
1542
1748
225
8971
8298
6332
6859
7004
9137
8275
1786
7626
3109
1769
4382
6769
4030
3968
463
9684
1828
3405
592
3321
979
6644
6121
3527
3808
9041
10790
8225
9369
574
11789
7453
10846
7209
9622
11364
4068
10097
8960
5815
10729
3137
8841
68
324
4066
10176
4466
515
1177
3449
7568
8853
9157
5833
8300
7223
11255
2641
7081
10305
9091
1112
2692
6613
5893
4960
10804
7266
1834
5971
11635
3714
9329
8098
4136
10982
1791
10110
8364
1781
11309
2763
8410
2969
5070
1837
9267
9350
1079
11022
4435
10683
10840
8757
889
10063
127
4561
4150
7417
2850
9201
805
2938
11233
9271
8676
9605
2140
10317
4183
7746
8356
9578
2082
3701
4995
3760
2817
5184
10922
955
1137
9805
7199
4873
2427
495
1044
2025
4363
4202
6618
312
3043
6228
9239
8675
10685
2002
11174
4020
6238
6789
1173
7619
4961
4032
10254
4469
8034
6476
4984
1812
2707
7169
2589
9107
11268
1648
9739
3149
9300
4277
8668
10918
10209
8724
8563
10869
3962
10922
10722
5022
11230
6658
10990
9084
1823
3036
6325
6237
336
3588
8078
7852
10353
707
4669
9525
11332
8302
8846
11229
11474
8255
1540
6246
7437
2225
5571
2701
7626
3783
8073
4131
144
10572
4487
5436
5109
6359
7295
1915
4109
2351
9453
1769
2982
8
3535
4532
5885
11891
5111
3346
10819
684
8730
11811
7275
1556
1100
2345
1622
3406
4682
576
3128
8326
9868
5197
9185
5700
7306
7097
8347
3917
1620
5230
6207
6553
1922
11785
11930
5101
2964
5662
6448
3032
1639
3079
2821
1912
4790
3350
9237
9740
3864
425
11384
6402
7935
2742
7604
9286
7006
11290
5285
11618
10174
425
8363
8945
404
8116
9590
1482
5097
3710
3418
9661
11525
2137
7858
11223
6401
5679
2608
8596
9496
6000
52
1066
6163
10090
1366
3363
7000
4080
8039
4819
6622
10601
11518
5137
9586
4445
2493
10047
4035
11694
10490
10814
4449
9364
3991
1504
10139
1752
3235
7379
3717
8301
2098
2483
7771
7698
10182
664
4295
4300
11239
11773
4202
3615
1485
3664
5313
3702
9166
885
714
773
4889
6590
11229
10091
10788
7211
11982
1494
5496
1813
11625
6418
5201
1813
7802
6254
2735
7899
3752
8201
2671
5480
711
2467
4832
3876
6861
9745
9412
5757
2049
10361
8071
11928
8382
8278
2911
10600
4003
371
11153
5678
977
5953
7639
1324
4192
3468
9942
8233
8535
616
1909
6537
8330
6850
4894
3163
2143
3273
1704
5712
9516
10415
8479
4586
6079
3174
10254
10077
5694
10437
6868
11534
887
8436
5176
11494
11846
3869
1213
6763
1560
5130
5953
9000
2445
1691
4788
7190
7902
4752
3569
1684
10719
6732
7308
8124
7095
4992
5084
7558
2291
10377
4713
2458
7529
3744
4950
3115
7714
5595
3717
7002
1944
5249
9868
5235
5471
4694
9419
7126
915
8324
6977
4102
9970
5239
7265
9879
4750
5573
8171
10822
6098
6548
1682
2769
833
1517
6356
6404
10863
2185
8643
2361
4453
565
6417
1773
5681
8880
10497
7874
8189
2732
8722
1493
1860
3288
4334
1951
7870
52
5931
2868
811
1024
2203
11761
184
5580
8937
9102
9549
11377
457
6622
5955
5926
701
2169
11025
135
10546
11302
8163
7236
7815
4089
7833
7947
6533
1180
8727
11532
2559
10270
8841
10638
7649
434
3123
3355
11268
1583
11299
10894
1170
3429
10866
5605
3793
4854
9958
1750
1917
2474
2905
2527
5869
6434
7762
9295
7678
129
1990
10748
3167
6532
5641
5024
8851
7223
11045
6285
844
960
11976
9242
9596
6758
3597
6465
5376
3992
7261
1964
8798
10878
9311
8653
10482
986
6521
4714
146
5062
6679
6734
11918
10441
5027
3663
5608
8728
9899
9249
6966
6187
3860
11503
3613
4407
8011
10129
9382
5338
2868
4508
227
6660
5309
9928
5629
6722
7564
2182
2635
4926
7109
8493
9169
7430
3506
7921
5201
9448
1888
979
629
4169
10718
124
5428
468
5863
148
625
9087
9688
10149
10105
3853
11050
2858
9047
4750
1492
2565
6926
3332
4840
1666
3601
5926
11597
8099
11900
2507
4163
1480
1407
2864
5882
2713
5839
813
2257
4169
10437
7737
2431
1227
8204
10605
5113
11051
618
8907
5633
8911
11644
5533
1630
196
3360
707
4156
5468
7485
5387
2532
6448
7339
7391
1319
6833
11490
1575
10091
3101
5311
10937
1430
1208
2182
6415
11705
7144
9763
7367
10613
2744
11023
8408
9379
5002
2192
11260
5700
1317
6745
2658
4148
6686
11821
11133
7709
9792
11141
4621
1504
11285
6531
1350
3469
5217
10594
6358
10856
5713
1820
3249
1933
7356
10663
5439
3081
1640
4578
3136
10734
998
8002
11708
9219
10524
11485
1843
9516
11438
4925
44
6334
3661
8812
1503
11603
9587
2902
8317
7620
3194
7439
10219
8541
10099
10295
6693
8775
8977
5877
4302
3072
8960
6614
7475
9697
9235
5092
6753
3065
9950
611
11632
9556
1938
9936
11644
7985
8401
10490
3215
8277
4803
2964
3097
10407
7679
1541
1804
2489
10853
11453
8502
2160
2804
11491
6175
2986
5456
7416
8673
1615
634
866
1357
7740
7760
7389
10599
1688
5033
673
246
11527
6451
9819
3463
5097
6448
4679
9950
4195
10756
10823
1606
4405
6315
4606
8035
8635
8602
6130
9102
7431
1713
5516
4851
8496
10871
9997
7624
7534
2693
5708
7103
2694
3664
4898
261
5346
1699
400
837
6754
5484
2782
2971
11497
9512
11506
3021
4040
9287
5694
10332
10865
11122
4809
5887
8924
291
4563
1264
3909
9969
2810
1208
10922
3498
1951
5406
3636
7958
8571
10676
3866
9817
11550
1795
1731
11689
6824
3571
7145
4742
2242
551
4421
2301
11673
5862
1064
2477
9506
1208
1599
1370
1160
11945
1376
3461
3968
4387
11766
8275
1999
9169
9023
182
9902
4471
333
7456
2791
8324
6135
3230
9470
1953
11836
6984
984
273
4343
2493
11493
5142
7604
869
11915
1891
10441
9428
6568
5877
7429
2519
3193
9481
5453
5322
1309
942
8786
11784
8747
4849
144
7467
3517
1840
153
8999
7822
6203
5028
178
1080
2608
3969
448
9227
3043
7920
8560
4386
10334
3785
10673
4121
1229
7071
7964
9070
6060
9152
4050
5655
11380
6945
1040
2859
6726
10792
9055
736
8796
6671
9316
11346
5854
1603
1636
2246
4051
2234
5223
459
5608
2034
7121
8977
6456
2430
5489
8454
7937
7395
7074
7609
1542
1656
9822
7192
3449
5629
8537
10005
6741
11562
11799
3531
11696
1108
58
2139
8448
4622
11903
6612
1547
6995
1947
7940
6618
9668
1597
5832
3306
7709
1168
6348
82
2438
10392
11316
7269
4065
8299
6896
752
5176
10802
7675
2371
4601
8973
4097
11880
8339
7126
10846
7601
9672
5225
1934
4556
2459
975
818
11869
1841
9176
2768
1603
3190
9454
10029
4979
7106
10459
1935
9047
3621
2943
2248
9389
6536
1819
8348
6337
6858
4379
7724
1431
8839
6312
6397
5486
6959
6968
11401
9661
9410
4518
5434
290
5255
6254
6006
9007
8431
11187
2157
1829
8092
1459
795
393
11534
1758
8169
11384
3062
4020
7758
8510
11602
4143
10032
969
9762
10243
6088
9397
1241
2230
8089
10644
4113
5996
8693
6522
8473
8504
7377
6770
10314
2367
9565
9014
7201
6214
4899
389
9454
8205
1796
4731
985
4519
8577
3903
839
4461
7034
11835
5680
9012
6169
7210
3082
263
187
7543
7487
1068
9448
1484
996
1636
155
3723
11956
10423
1949
9757
3346
2798
407
2011
2495
8408
5566
2494
7498
4941
4183
8126
1923
268
4312
11309
6022
10433
126
40
1627
1975
6522
1014
5279
3355
5140
11691
5854
9966
1813
11157
5064
2296
4270
4900
9702
3229
4086
1240
11325
10332
4402
9172
8341
8149
2872
767
1026
2099
1576
4039
6021
7545
8312
4310
1184
6897
714
5640
8410
6324
6081
2755
3147
1742
1561
6182
8810
5153
1543
4914
138
3278
11622
5981
5800
8595
11430
2648
7125
6484
5918
8734
8844
5120
8356
3710
9061
9093
8328
9702
3424
3411
6453
7445
2544
3644
4336
9482
6234
8389
11420
5538
10934
2085
9970
5024
7989
3382
5304
8981
3987
4861
733
8585
393
7853
7277
9421
4042
9396
7320
4275
10804
7122
2745
2076
3814
11895
3921
6872
11170
9484
4045
8372
7839
7394
9907
6586
2744
9160
5063
3493
8614
7973
688
6427
5159
8504
3044
4996
11485
6049
6558
1873
5394
3875
11906
5684
9326
4689
1300
7478
9174
10608
6345
887
3056
11845
1367
10126
4368
1499
3039
3339
11040
6444
7428
7577
8905
8230
8236
1820
1426
7253
11076
5987
6791
2152
8028
2726
8458
6438
4497
9082
10734
1854
614
8748
817
743
5891
10632
960
5932
836
7833
9036
8205
8456
4934
8737
381
10299
586
2029
9339
3708
8940
4176
5046
9355
1305
1795
6695
4967
8729
6844
6529
6269
10798
4330
3732
11767
9973
740
11995
1845
10176
9802
6908
3022
3090
6180
5292
6815
3778
32
1929
1726
4739
4135
9800
301
10403
4329
2066
4979
4334
11576
9443
8620
1032
1728
5458
8160
7259
9367
10276
6751
190
10673
1343
7015
9435
3251
76
7758
7150
202
111
8477
4933
9484
10353
455
8114
3661
5130
8
11286
11661
8207
10620
5581
3019
3240
10258
4193
10269
8449
50
6045
6813
5858
840
4258
1533
7414
4756
6206
3777
7601
4020
9468
1094
2881
4597
8868
5194
8359
116
10053
3056
7525
3640
6696
8036
7736
3401
1428
7964
2327
11560
6992
1917
3778
313
9857
4253
7353
3357
5683
1919
6914
10763
4543
6713
6339
9706
1668
8337
11033
6342
4788
6522
4484
1218
1719
1384
10611
10222
9922
2388
9896
927
5093
9908
11819
10543
6642
9351
8097
10286
8031
8166
534
6097
11464
4793
2008
8978
11318
9706
1161
2088
936
2198
850
3832
5075
10393
3205
4781
5294
2213
365
9145
3950
11639
3510
6821
8243
5555
11797
11709
4890
9875
7077
6036
6503
11310
8034
831
6652
9315
395
7506
9835
11173
6360
2652
5242
10061
10205
9705
5180
5179
6204
1062
2437
10590
3609
2507
7611
7461
7347
2495
7573
6675
462
7853
11747
1594
974
920
3765
7785
3953
4884
8328
63
9015
10310
8739
11012
6305
4322
5586
5410
10191
10892
3430
7571
5520
11914
10128
9599
2180
6475
8548
3917
8080
7716
8961
3148
8336
9148
4248
6535
7531
11033
9362
4583
8374
10654
3101
6435
3882
3799
4246
3745
3451
2730
1538
2413
11714
4198
9711
3513
9052
3708
5917
9122
7958
9323
437
11478
122
3678
8410
10989
1228
8674
3600
4125
3843
7517
6866
6042
11658
9276
2976
9059
10501
10062
9832
10677
5144
4241
3916
9832
11845
4739
6894
7427
8931
11544
854
4908
11376
9946
7516
768
2457
824
19
3325
9974
4474
2548
1012
8372
9008
1031
6588
9294
2274
5578
11347
7664
4543
47
5348
6353
7864
10290
41
1809
11051
8132
10416
3722
4670
3014
10892
7868
8185
9522
8646
2753
11605
4622
3944
3446
6497
3458
1251
10260
6169
10963
5531
9448
103
255
9086
8077
7388
3990
9688
9544
7960
1285
4447
5905
2864
4766
11982
8263
9528
7540
7945
894
7256
10504
7801
4653
3630
8456
3980
6351
2475
8830
6160
9408
2310
1652
3379
3019
4889
1436
5060
8396
2466
1281
8746
5343
3847
8279
9455
6516
5079
7638
1052
6137
10804
2531
7864
787
10819
9724
9036
10081
5357
5409
6688
10608
7827
11409
1946
9476
11481
9104
8265
8107
6478
2894
9176
10660
258
10935
1727
2489
10911
6122
9340
6531
2412
940
2681
7325
131
1825
10341
9571
930
42
789
6689
6479
4866
961
10827
5071
8988
1275
3063
10258
5561
9545
9235
2066
7221
1406
4952
8323
1641
4305
6736
1800
11852
10011
7105
5432
535
8798
11594
8770
5917
5061
7278
4141
6636
5132
11335
10627
4080
3377
10464
57
11238
4433
11742
3583
10960
11501
10500
4234
5798
7133
1314
5998
2249
1781
1984
9517
6201
10614
3612
2426
1800
719
6417
620
6709
8769
10931
3434
6848
7622
3495
2752
1254
3009
3696
1472
8541
4611
9471
10566
8749
11280
11017
2112
9956
10029
7512
2253
6097
4631
2826
932
6763
10299
1970
6549
11561
3867
7015
7360
6719
4273
3487
1481
165
7861
7992
3765
11152
1131
6862
2631
7813
4045
2086
7086
4622
7855
2598
5710
3780
2639
213
7316
1915
9353
6049
3265
2255
3172
11242
4115
558
7257
7093
10284
10614
8821
6452
5867
2006
6449
10252
517
3076
3142
541
2462
3698
9373
2177
6304
3441
10714
3575
10117
11133
9155
10426
1706
3553
6259
9319
1514
2149
11609
449
7733
11184
3783
8364
5576
6575
11146
8715
9477
7998
275
5474
4144
11421
4655
881
9926
9266
3528
11574
11891
4790
10392
2957
8286
11
4607
7797
8739
6677
1927
349
5576
5252
10533
2029
9087
9820
6192
2739
11314
3015
3716
1345
3156
8792
5685
3704
4087
3790
9685
2782
728
10491
7870
10994
5794
11098
1670
11866
2597
6203
11818
2404
368
847
9571
5302
4009
8418
1151
1148
6769
148
11872
9269
5407
6557
11306
11671
7047
1249
8039
11723
8760
10797
10207
3809
9268
1288
11956
6142
4790
8154
6348
4219
110
5504
9937
11133
7376
6000
9373
9013
905
2605
1866
9314
2452
5189
11169
10507
11957
7940
7019
3911
5673
11961
2538
2005
4895
9175
3096
10468
6166
8793
7491
7555
5887
121
10030
8113
8656
11371
202
6577
3498
3391
5108
9794
5254
5865
4683
10301
5995
9574
6954
5900
11220
7654
8212
9941
11885
3576
8921
6700
1992
5706
6578
11501
8502
11810
9440
4017
11765
3752
10167
3167
8420
10909
5870
11557
8943
449
10964
4182
4500
9633
1398
10320
6734
5699
9491
11145
3368
6633
5537
504
6204
1282
11746
8638
117
9759
11766
4344
8077
8999
5185
10116
26
5569
10859
11285
8581
474
9784
1977
4111
10723
5452
3925
5635
9797
3247
2733
10274
3923
6397
2148
8679
9191
2391
8209
882
8084
6443
5863
440
10844
9761
4680
10545
7391
1792
7780
5923
9117
5520
6887
10904
10931
3090
10635
6947
4265
11665
8830
223
1561
4377
10295
7492
3866
6609
2288
4581
3683
1564
5155
6181
9119
11185
4956
460
2611
10972
11263
7179
8188
10105
7150
11527
3183
5483
5578
11807
1758
11942
984
11411
2306
849
10795
8175
4982
1655
6946
11262
1095
11709
10155
3123
8986
10733
3797
5899
5288
7860
7663
11772
8100
4975
6713
7338
1594
4322
132
6977
10005
982
1585
1496
8667
1755
2479
1986
8941
9384
10420
2877
4353
763
6696
10596
1171
5865
1736
1024
1907
4649
9912
4106
4858
2018
10895
3541
10828
145
9971
11355
1537
3101
10285
11485
5008
4683
1953
7163
7346
2706
8282
5916
11840
7745
53
5446
5195
11425
6898
3410
6986
8840
4235
8322
37
11527
3060
1324
10452
9657
2104
5489
6419
8721
5414
8623
2652
941
3388
5192
8486
7031
5602
1049
2144
11629
11481
9050
7600
11839
1922
2440
1683
2814
7448
2063
11759
1143
8282
4994
2289
4059
922
8087
3979
73
8397
8276
3991
4629
1315
64
1814
722
10125
3755
6916
3172
5767
9323
11182
318
9876
10685
7397
10409
7247
1237
4679
1810
4014
8115
779
6367
5239
11529
9540
3895
7177
6818
5586
714
4418
8541
9430
10540
4430
3965
6721
11733
1762
5738
3222
9050
7177
10298
6377
10492
1502
3772
2961
722
1755
6643
2330
11741
4334
4378
8150
3128
2626
1524
4275
4107
4326
5412
8558
6097
5103
4696
9898
3103
5935
9328
10717
10408
7510
10392
9329
9534
4550
8387
2262
5270
11718
3066
5674
6808
8996
8893
11309
7623
9968
1446
6280
1733
7408
3762
1032
1305
4903
3690
2412
8325
8906
9705
2608
1142
4743
11435
6015
9184
8489
346
4709
1997
10502
1537
11224
3982
1567
1541
8707
7831
3194
5310
3309
5608
9564
6227
1770
2820
1931
2047
8714
3518
8997
5068
11012
5581
2845
8630
2866
844
7468
223
8882
2540
7752
6013
11428
6796
8981
4506
6947
3509
6483
6396
11664
913
10017
7260
6257
9500
7797
3865
11589
8705
2769
11216
3452
9834
807
10306
3583
11242
983
7665
2794
8585
7835
9391
8127
2219
10814
205
11280
11417
8618
428
6346
5067
4109
10391
9028
2847
10790
6873
7018
9635
2568
1560
10089
6986
4559
11303
4742
7006
171
8151
7870
3813
10503
9645
8907
3983
6318
4796
10334
4016
403
8460
2160
9802
3092
489
1146
457
2043
8074
2033
2606
9069
6133
1950
9299
5886
5360
6404
6241
1098
6756
5930
8850
2563
4963
2456
2910
474
690
11842
7169
3084
6762
5821
10237
8922
3023
6681
4474
4703
375
3569
6290
10816
9604
160
3411
347
501
1715
1099
9056
4909
1168
7218
543
3882
8920
4230
5027
4067
9379
8838
3764
3706
7060
954
4050
2327
2195
1034
10099
8229
10321
4561
10766
8288
8173
4536
8193
1420
5514
3358
5856
4161
1130
6280
365
2427
1258
7911
6532
3380
86
2787
1822
11656
8726
11068
4218
6857
7218
10718
908
6266
7600
311
7834
10160
7000
5661
2287
6870
1939
8991
4117
940
700
5196
2004
246
9598
3981
9398
8876
5402
11278
10332
9852
11896
10305
6250
9454
9729
9997
1325
8936
1190
283
5433
1862
1443
1747
7018
10049
3033
1745
8565
8317
5077
1864
1167
7749
592
6852
9929
9100
10798
2771
479
6297
3979
10075
10843
10609
2642
11687
10232
7142
6198
2890
11018
2720
9322
4928
8223
1987
2347
7713
4321
8767
7755
2875
7952
8241
11769
8643
9367
2411
4502
4623
4980
6644
9821
11546
366
8721
11278
4391
9362
3877
2918
1039
2630
1754
5707
2710
10101
1933
3546
8906
8195
5930
7504
461
8520
7061
897
7507
5938
7490
7234
2788
8498
10083
1809
4720
3645
5360
3851
2955
10471
4862
3678
11960
6439
5688
2151
3170
11134
6739
4017
3832
2983
7371
4352
443
1762
11721
10331
2954
1890
4857
8936
517
9063
8227
4978
6502
7765
1530
8947
5915
9502
181
2700
2023
9285
5963
8915
11155
7005
3251
5472
11067
6752
10347
10565
5181
2968
3038
10373
6175
1540
1379
4497
8053
10488
11001
1120
5782
4855
8929
8006
3942
3758
8919
955
6570
6222
8750
203
7482
8514
7693
3554
3830
1142
2562
4624
11525
2493
5274
9627
5366
317
1782
8492
11337
5790
3524
3881
7503
5884
4210
10800
3299
65
6799
10018
734
3061
7958
2390
3138
2496
54
4443
3557
6651
1935
8212
11759
11428
3271
354
6052
801
7164
907
3701
11605
2002
4875
7737
9455
6244
1913
4283
1943
817
10923
1263
9915
9250
5255
477
11742
5475
8461
8476
4935
3356
10188
9557
2264
6590
2824
2412
7770
4504
7868
8570
9605
4608
6784
7761
9597
385
10225
6678
11774
10881
20
3348
1737
9052
8208
5419
1913
10635
8677
9179
8095
453
1571
2926
8564
8643
4680
11603
2242
7178
5378
9161
10920
5375
11466
7128
6559
9724
1391
6205
11968
6445
1828
4443
1870
567
9523
6654
7461
3141
4515
7200
10974
10351
1520
6161
11629
8837
11283
3086
2516
2469
6040
1183
3554
11078
11060
11744
8600
1357
1318
5968
9131
2149
894
7094
582
6784
10569
5834
8545
1910
6354
587
6447
5431
2314
2789
10164
1704
3076
10945
8218
10074
4794
535
10801
1123
6091
8941
786
11646
6652
6905
9237
453
8644
759
8615
8491
11037
2778
2950
6559
7142
8474
3717
4099
1332
9521
8949
5040
3935
9217
7341
11625
11644
6005
8666
10435
2576
5553
779
10477
6251
1238
7791
9275
1242
6633
5726
7286
7174
7669
9005
9788
4991
2660
1606
8540
35
11202
10508
7044
8527
6213
10291
3192
3386
970
2282
11339
129
8985
9633
8527
5674
4921
7000
2627
4445
5474
229
7591
5013
8254
11502
774
4793
10179
847
5485
5946
6757
9773
451
8660
9843
2928
2800
10346
6095
9328
2455
7066
11294
1586
11520
6652
9089
11937
4253
1457
426
7540
1662
602
40
6609
7549
10817
2878
7381
5969
1629
10144
3753
7672
10648
7942
10607
937
2101
3033
10444
4577
10512
258
852
1494
1576
6508
5717
6263
11785
10842
7719
5601
11233
7500
1796
10392
10318
5986
2645
4097
670
6300
4205
927
7657
11589
9228
10072
4219
5122
10655
11566
9506
9455
5417
5060
6975
9025
11654
10773
5096
9112
2010
2365
1678
264
6745
2215
8145
5695
869
10802
10659
6093
5298
5387
3067
5438
7270
9157
1983
11086
7783
4232
3104
3332
9826
8663
3995
8015
2441
2541
10069
4484
391
7783
5415
4324
3275
3949
4341
3728
1365
6607
11169
8268
2286
1306
822
9036
10840
11148
3121
9736
11870
3222
5491
5282
6984
8846
1881
9832
4307
8601
10255
9888
109
7565
8858
232
2253
10932
10753
2916
3825
5389
6738
399
1169
9158
10791
9154
3714
1512
7543
11665
7591
4910
4076
720
4942
5511
8457
2257
192
4904
10929
11761
3230
5313
6591
4299
7519
2291
10635
7775
2610
1140
10848
10838
7366
9776
9120
3103
2381
11738
4063
11949
3677
4279
4609
11152
10693
10178
3607
7949
3912
5950
946
2874
1175
1532
11596
8792
6797
1338
5254
4073
8043
1727
8903
7663
5384
11491
9589
9066
6084
3854
6138
3848
1328
8809
7277
3254
4965
9251
11756
8893
5328
1429
1600
6150
10271
11647
8483
9136
1619
6945
3497
1412
10706
5654
8217
4627
1480
259
5966
7417
9865
9930
6591
7502
1636
7366
9816
4946
4014
2278
9347
5848
2513
3855
10472
5496
2285
3007
5721
10114
4240
11941
2474
6796
8726
5827
6987
2109
9335
811
1362
5047
8606
10599
7346
5634
3999
2087
1612
8463
4416
7211
3327
8798
924
3204
8293
11621
5976
2902
6872
11062
1555
494
7124
1209
2077
8312
2276
3061
2720
8779
4591
6690
4075
8563
4156
2247
7539
7267
8810
8430
2861
8670
4622
6403
3561
8551
4797
10860
7630
5575
8815
6073
6021
8497
4823
3190
1863
6097
994
7959
3162
9837
5520
1243
2965
9105
10336
321
3524
3244
10417
6941
6946
5204
4621
10442
4145
8703
3574
1005
10608
2230
2981
11193
1570
6956
2986
3403
6621
3856
9880
752
2614
1838
1427
11094
5940
3604
11491
6517
6782
1290
1408
9626
967
11551
2655
7269
7280
7843
5929
6123
1888
2045
3584
10620
530
4377
9676
10214
5605
9710
4479
9810
9124
7950
2356
444
11676
4043
7249
2874
6121
3492
10833
729
10711
3904
480
8259
3622
4159
5734
10381
5608
8188
6846
1908
7542
8153
5204
2264
9084
5988
9124
3874
11500
8794
3473
2635
11908
8524
7988
5505
1745
1644
2919
5185
3253
168
11752
7257
8049
7487
11287
2871
7606
8822
1234
8159
10480
951
741
4048
9636
6986
11917
7005
6980
9578
8422
10467
1466
5777
10570
6304
9675
3131
9181
9687
5745
11224
2514
1028
4827
11942
10166
1437
2966
7122
4689
9227
10364
4094
3920
8479
6436
11736
2710
536
7899
2235
7677
1529
3324
6672
1069
1637
9163
11815
11521
6768
11210
7192
2670
707
3777
7560
9084
7494
10564
6282
8851
7917
6285
11956
11442
10474
8555
7760
2082
8016
3358
2561
7903
2522
641
6733
8503
45
1114
11925
8339
5868
7338
6690
4472
10246
3447
6931
4743
11857
6602
9532
10297
3184
7316
1342
4679
7520
5246
1837
9325
3162
7892
6350
4306
579
3802
11647
5564
8945
9501
2939
11634
11415
8271
1096
7996
7864
5274
2838
5693
3561
5160
11147
8766
2329
11434
3876
8285
3251
11244
5761
1420
809
5135
8533
3994
1594
466
5778
4348
326
1785
1477
11114
3895
5408
1811
9622
2500
6758
892
9186
5688
9734
2456
8394
202
11437
1392
7797
2023
7054
1108
7019
6858
2493
1311
4325
7544
4603
7678
11084
11447
4332
10180
1296
7925
5186
6523
5519
9254
9628
7170
5030
6192
3781
4861
9940
9401
3865
4314
2242
6486
2246
2989
3425
7225
4808
11296
10271
8813
540
8597
7871
8544
4830
1604
11618
7333
9880
4463
10121
3846
7005
6851
6447
11720
4259
9839
6019
9469
909
1049
11741
6161
5749
6821
8573
7792
3028
7643
6768
3519
10006
9997
9399
5518
1709
1102
7538
7226
1395
8671
5610
58
9580
5853
11926
8439
10175
5964
3333
7094
9342
6368
4119
5012
11142
10084
8012
5355
1872
5191
6072
7834
6169
4062
2686
5644
8558
4712
10645
3069
57
7255
2394
10184
2772
3469
6080
9858
2124
8910
11898
3312
423
4798
4502
4022
8947
1081
4882
9572
2504
2598
2116
9310
10686
5211
9808
6265
1542
8044
5760
755
6408
1657
6591
8485
2901
4006
11500
11654
4832
10468
1280
11697
2828
5005
3934
10763
1922
10705
897
7913
194
7478
11865
7206
1740
610
9626
6492
1823
2168
7044
3682
5997
11911
2506
5629
8356
7419
11614
9497
8703
2556
3820
7572
6558
1182
2970
3979
11357
11196
4324
5612
8990
4536
11672
7808
5089
11683
6519
5905
4972
8498
7103
2828
1175
903
10115
6150
1763
2947
8537
7871
2355
4231
4869
198
1863
9438
10292
9149
2362
9905
4965
8612
5386
10707
8630
10753
8101
2622
6116
6249
9396
8681
1093
5821
9888
5639
1540
4890
3149
1756
11932
7900
8171
7700
4013
11980
9156
11178
8308
9070
4165
2057
137
9517
6989
1293
6932
10360
8806
7901
6022
4137
11747
9481
1826
9020
7466
7502
537
10451
6116
568
6861
10174
836
11333
7311
663
3935
7499
5760
1427
5400
10507
11651
538
10185
7097
1227
11945
7930
10789
1553
10746
5344
2671
9877
8580
3422
9513
4969
11643
1005
8300
8644
8570
8882
7674
10518
532
696
4568
9330
11370
8404
8509
9795
1449
2811
10561
8968
3152
3947
4858
6463
2518
5593
11912
10684
2536
1240
8597
8292
6936
1066
3705
712
11078
3230
10451
9320
2611
7856
2016
10242
11083
2508
1473
8312
6527
3821
905
9776
274
3114
10496
4678
6860
6401
10648
10661
7870
9171
6840
33
906
11622
4004
7463
3625
4738
591
564
5863
9669
8318
9872
10366
331
3730
6382
6509
9954
8261
7793
1577
8520
10422
1022
10840
11596
10986
4296
8589
6024
1756
5269
3687
2243
4522
2118
900
2734
7230
10485
11387
11141
11186
352
6202
5071
6288
5602
1538
5400
8809
1033
3629
123
8192
2951
4889
9346
11586
4265
2797
5962
3542
7112
9416
1910
5331
9577
4176
8569
11726
5943
7620
1954
10951
8172
7335
4801
7601
5966
5110
10472
918
1743
8615
1800
5716
5282
5501
9572
8547
2527
4772
6289
7347
4185
1689
5183
4878
8273
10136
4155
10666
646
6537
7378
8952
8792
1844
5758
11326
4848
3028
1270
277
11758
10672
7384
7766
1926
8927
374
9295
6439
2037
10250
4528
11104
10002
1371
8631
3029
10698
1507
9886
8386
10844
10193
10921
241
11715
8642
3087
10977
11348
354
2036
852
9204
5710
5490
613
7882
3443
1468
5857
11436
4820
8913
1961
1207
6698
4706
4911
7836
9291
9474
11267
8185
7605
9374
7726
6420
11902
2233
1424
5330
2406
5942
8098
1212
8657
10922
4628
11238
478
8803
3241
6208
1498
2066
799
1959
3474
2513
2088
7408
2361
3788
2937
4337
11165
4992
7237
11483
6032
8606
1578
7384
10901
8474
6222
616
10192
10496
9538
6725
6610
6022
10762
2062
8098
1544
7098
8163
2256
2387
5681
3977
2306
8465
10815
11408
1685
7010
8153
4065
6867
297
128
10023
5776
9981
8957
580
8410
5555
2925
10631
2816
4722
2407
2250
3545
164
8251
5426
11026
4224
2625
4639
4990
6434
1327
3040
7161
607
6846
3528
7871
6409
11044
9812
10096
819
1403
10836
6583
7865
3114
502
3335
10258
1083
5640
11667
4258
7049
4507
7350
7123
7520
7842
7099
4924
4132
4607
3682
1287
3286
9016
7432
2822
6555
8313
3722
10487
5374
2005
5194
2125
4905
6838
6091
5631
728
5794
9986
2941
4157
7761
9552
19
9489
9214
11680
11481
11353
6412
11359
4270
8649
26
3157
2951
9133
4039
7980
3764
3764
8929
8990
7479
304
3795
6107
10376
11407
5040
9515
370
7598
2594
6878
3318
6031
10389
686
978
11810
11888
1234
8877
7922
11984
1160
7509
6472
11402
5331
7846
11895
8987
1017
10031
2251
6884
11925
10447
11426
7543
5547
3004
9231
5911
666
5539
3880
6824
6519
5625
4247
4797
9202
9916
9505
10818
4362
5269
1466
10659
6032
2481
7874
7424
3667
6350
11354
5668
5023
11103
10435
3387
3449
9870
231
3561
515
10945
10858
2632
6572
3981
1567
3431
929
4070
1822
10533
3776
825
5193
8866
9812
5108
9949
5674
10720
1988
9615
7465
10234
8798
7531
3642
11456
5821
1575
792
11449
6186
6728
4399
771
4967
2057
9808
3768
11285
8921
1782
8807
9355
8896
7826
6537
2994
868
8683
6387
989
5166
44
1161
2065
365
6442
465
5799
1514
3698
89
1928
1057
6013
8123
2878
11622
9871
1679
3153
5082
3448
8540
6382
6958
11033
3874
8367
11226
11236
11353
10402
7994
1326
601
5404
9250
2056
10824
6097
4061
3665
7820
5497
10063
485
6252
7394
9017
692
1147
2303
425
9208
8036
534
10888
9629
9966
8558
1830
11277
11819
11789
8674
4080
3955
6167
8261
4967
10128
10621
8466
826
2957
8512
477
6777
5947
4590
10071
8667
4098
4783
9512
9117
7623
1308
6301
7350
7094
3133
1048
2239
11546
7743
8102
7627
1654
8448
3346
4943
6013
150
3701
6505
11916
1521
4393
3621
8704
4950
2925
2716
7819
1451
10950
2175
9191
1832
8893
473
349
8033
5166
4363
2900
11393
2221
4538
4571
7964
5429
5111
5945
601
1936
670
1379
3641
9129
10348
3266
10381
6258
2482
7875
2359
6005
11905
1483
626
3429
8767
9297
2708
1745
3025
890
2922
5752
6329
441
5949
6514
3032
4017
10285
3023
381
3465
11191
6077
2710
1170
8217
10519
9532
4025
4143
8198
8924
8388
2362
5719
1443
2650
257
7975
10057
8215
9072
6928
166
9279
2035
6794
10776
6739
2176
9975
11237
3893
9331
6565
11703
3289
4238
6155
1555
9145
8405
11919
4523
8236
9627
7599
6104
3930
560
4032
8078
7306
5664
9222
4561
9800
2143
8753
5995
1833
1167
11447
5829
1157
10700
704
9395
5372
10680
2847
1559
1143
7102
23
3235
90
5687
8912
4691
8143
6422
1430
5810
3368
3101
4078
8070
833
5364
2275
5997
2026
8335
3215
1187
8689
1048
3252
1748
6590
1245
3734
6076
9874
6934
2447
6411
1037
245
4488
433
9438
6700
6381
408
10425
2886
6638
6997
5742
5852
744
822
7841
200
658
7229
27
7877
6463
4439
9080
1114
6648
354
3064
8730
1803
6798
10485
6206
10126
3801
7785
10450
10148
2782
4359
5131
10481
10089
7842
9708
8156
9315
9390
2991
6240
2212
986
4078
7947
9691
8484
11957
8342
563
3223
1833
9994
10108
1451
7434
7572
9449
6636
55
6399
5922
10959
7068
5343
10234
8818
6864
1221
6199
3171
1901
3986
7178
4823
6564
5522
4093
11493
11948
11722
2990
3566
9490
3813
11595
10858
1519
502
170
1595
7367
11567
4220
4958
4566
9857
7167
6145
5976
10467
8153
11856
9356
4965
7406
10406
9909
7071
1422
8396
6774
78
8238
6930
5233
7552
11628
4828
9537
1500
1844
8087
843
4201
3797
4079
8633
11276
9163
9501
304
350
6881
11086
4272
11772
8863
3383
6985
7399
6473
8612
11648
10310
427
7691
274
10605
10267
10970
4811
10040
9383
8024
3679
11323
11827
10079
4938
4208
1737
189
8604
4355
1191
3265
6318
10006
1647
349
598
4085
5879
7243
320
5166
1395
683
1884
8074
4836
1679
671
5467
11685
7475
10950
5784
4859
788
316
8345
3345
1554
11011
11103
8065
10352
9177
10753
10442
13
6125
4341
9938
2611
1088
464
7892
5116
10784
8377
2496
8427
9219
2975
7583
1332
5745
10621
8143
9157
283
5192
4084
8401
7928
9458
4739
9654
812
61
3965
9368
9152
10865
1434
4805
3812
3330
3783
7495
9531
7851
11821
11053
3091
4591
789
981
2304
2407
9955
1297
1545
9801
3389
3413
9912
631
5770
4616
10720
11429
11415
858
10107
10697
7463
11220
1925
1424
11249
3533
1903
4356
1374
10060
215
1153
9851
4965
8154
9613
10919
9524
11513
1498
2732
566
6560
1284
11116
2622
4199
9280
1921
4545
11900
3077
6258
9102
1443
3172
979
7077
7289
1884
5275
5907
7575
1290
9095
8658
1248
9960
4331
4400
10811
1617
1323
7554
10398
1641
5206
7778
7612
3445
6996
11278
10561
6294
5013
5091
8977
8995
9378
2020
10072
6163
3783
5299
3973
3404
4580
4928
6099
10773
7487
9780
2792
10225
6808
3198
7765
10584
7020
4714
8641
10641
5981
10863
872
7551
704
9766
10748
9543
6760
5219
8019
11262
10864
6485
9790
6651
5041
11807
4918
341
4
4849
6046
5859
970
1873
8701
7770
3155
5369
3556
6958
6497
9226
9006
11810
3919
1182
2594
10920
8548
416
3664
1196
8767
11547
3749
919
7847
7159
7752
10269
9143
9171
1914
8252
4426
918
3832
6726
3908
2791
11473
3329
7892
585
8166
9657
5677
11420
10986
2919
9479
7156
10700
2534
5602
5693
10675
7811
11940
10348
5618
833
6138
2728
4998
64
326
3061
8262
962
6342
11924
7615
4019
3693
2618
5219
8151
7254
125
9036
2252
4793
8702
3360
8001
11908
11554
257
4624
9793
10906
10640
1340
9515
4964
4675
7614
5055
5829
453
9071
8366
5406
3578
4104
11053
10627
10333
4682
5009
7051
3511
2779
2443
2953
808
11088
8232
2471
4810
7329
6353
8201
3190
1478
11420
828
5605
4610
9930
5975
8115
2839
1809
8358
10589
1946
7203
2711
9614
11825
2205
7603
4846
737
2286
8366
10522
7650
11701
10795
38
554
4993
6103
2018
1674
2941
1819
11247
10880
9900
6889
5093
6348
4490
4179
5767
2682
897
7931
743
1199
11837
11382
151
10976
2286
870
10686
521
1595
11172
4794
2561
8463
10655
5396
6450
2433
2026
10368
2099
11245
5019
3254
6081
11296
11340
9389
697
10865
9479
7614
6317
2453
7727
1227
2182
7713
9787
7571
7112
3927
10843
3842
1231
10835
6740
7247
8777
2844
9170
2556
2525
6273
3287
3372
8029
8254
7173
9148
1108
11260
6845
1967
448
2978
10255
11577
3114
7341
746
11925
10020
11009
10933
5619
1037
4455
9748
4289
1433
6034
6652
2731
725
11025
3512
9016
1796
1608
10668
7416
8246
108
8986
8028
5466
6542
8408
8416
7831
651
1606
6359
6632
33
6744
6998
1035
1892
245
6166
3353
106
2593
656
306
9968
1821
7434
11704
1891
266
11505
5131
10757
6493
6147
11709
9300
5996
11684
3923
4022
3368
11734
1731
2642
3052
9047
11834
886
5640
589
4992
11726
9874
7451
1650
11699
11071
1446
6900
10999
2648
2930
7959
6328
6760
7427
8836
4258
2736
57
3743
11941
8100
547
3102
9502
8393
11792
3583
299
4853
5469
675
5447
5185
9103
10638
11639
2266
8324
6457
265
4531
5670
3578
5161
152
11373
7677
2099
2799
9962
6635
9192
7848
5317
8137
9884
8364
11981
950
7063
3984
4056
11954
2034
11063
6977
2384
5739
4977
1682
7486
11536
11461
1430
9969
5265
1172
2516
5094
7004
2350
9581
165
10063
2560
1976
5440
10230
1908
3840
1101
10128
6983
3077
5964
7791
939
1331
7966
7172
6756
364
237
9245
1606
3901
7729
7771
8629
10060
11834
7477
4094
3873
355
4542
8999
249
3433
7731
4615
6842
2682
5414
1311
9869
8778
6881
11177
1823
154
6039
11558
4325
10206
11486
2547
4026
6549
7376
4807
2511
11385
6172
10816
10576
10907
3513
663
5047
1962
2901
7006
464
1800
11759
6615
519
5762
4653
4119
5027
10143
4062
5157
5526
11239
8085
3072
2256
6696
9795
5632
1319
5831
4714
9927
3225
9440
2964
6706
4848
2901
3151
7835
5948
3001
5869
6393
10998
931
1962
10128
10942
7282
4288
7561
1813
9639
1681
11972
7816
11490
4210
5841
5512
4707
3522
9003
1163
8717
11175
9851
11091
11759
5362
2376
3066
9252
4263
2662
3300
7304
8502
8631
6505
9805
3786
8437
1809
11273
3792
11828
4965
6791
10719
11149
3334
4855
4640
2333
6549
874
6927
3309
4554
6285
5461
9717
5881
2923
4229
1627
10579
4263
11120
4163
102
6561
1346
1524
8798
3674
9898
11809
6259
3473
10784
1416
10882
9282
5554
455
4374
656
8697
2700
4748
4072
10997
7056
9506
1764
11769
2347
9282
5901
5146
9406
11082
1744
8180
10050
7613
1146
1508
7462
810
10908
684
4819
5739
1011
8019
2709
1471
7640
2854
968
10300
1165
8708
10989
11869
9889
547
406
10290
384
4717
7236
2263
2625
1619
7155
2522
8875
11235
3509
1552
1445
11958
7014
7618
3939
5883
8768
8525
7474
6867
10300
2340
9664
7103
5808
2473
7752
5843
6578
9053
306
8100
11766
7452
10283
1813
7304
10115
2029
10877
3634
11497
9893
2861
7310
5990
2691
11913
9193
1088
98
3493
11046
10889
2332
10034
6790
2158
5135
5497
8496
10726
38
2017
385
9949
1332
7432
4706
7190
3865
6483
3280
5003
7997
4809
5833
10728
9480
3617
2965
3588
6983
9987
11630
4246
4199
5267
6492
9862
1118
7862
7320
10308
8094
4966
4805
4064
8654
6362
10737
1641
10837
4430
9441
8031
9922
7827
5694
9739
1954
4067
6036
8344
9358
6294
3479
9372
7166
4060
8045
386
7071
10752
9407
11775
10476
5552
1103
11625
1130
1408
10349
10344
4697
4500
3456
1409
732
5005
6160
1605
8061
9728
2869
5573
9436
10250
2930
7278
7613
11736
1442
9149
625
11391
8975
2220
9038
11804
6763
5492
6370
2988
5496
4044
3604
7951
2801
7092
11873
3939
10820
7214
1898
5277
8979
4405
10655
11784
155
11415
11005
1256
2838
3959
2656
7361
9774
989
2834
7504
719
4068
8441
839
1547
11242
8229
4591
5880
9427
7649
5185
2750
402
6567
5431
4481
8895
896
6112
7077
5055
3494
9796
839
11767
1268
554
1753
3817
8479
7508
2399
813
4600
10709
8707
9080
10857
10856
11822
11410
2706
7707
6689
9589
8034
3768
2627
9034
10726
5942
286
1682
10528
10318
1793
8430
10769
4120
727
1965
11504
8075
9767
4751
5026
4063
10433
9229
7498
2879
7272
9952
2511
5327
10198
6410
3982
8555
1353
10757
6616
8668
10960
377
2453
2146
6088
3477
1656
4413
7048
4355
4707
185
368
11984
11547
8776
6852
2778
988
8568
4181
10138
6832
10173
7834
1362
7666
9568
9822
8962
3183
2574
1783
4206
7122
8541
11441
7866
1589
9948
3269
2713
5514
9867
7367
4206
11372
8839
1183
4115
7098
10680
8605
6490
4221
7129
313
10429
6770
7921
5964
11517
10412
29
10858
5605
9498
5273
7193
4748
7380
7341
2814
11696
4330
9524
6595
10212
9820
3050
1148
1820
3636
8893
4495
3229
5492
7284
8686
728
9261
884
5022
6271
7890
1688
10633
10766
10262
8197
7601
7230
7966
4264
5647
4038
11900
252
10592
2410
6054
6721
11394
8548
2555
882
486
1536
8201
8381
7497
7142
8246
5715
11093
3069
6037
11693
9811
7028
3415
7826
4131
11131
10393
3395
4939
4680
1656
1173
9650
333
7809
8373
4912
5915
5056
2392
7699
1813
130
6266
4958
11956
9826
2478
7673
6762
2335
7869
2273
5260
4886
2907
4752
10751
8797
3362
8734
7910
11081
5750
11853
9152
1122
1435
5454
388
7696
10314
8524
8946
1764
9339
6114
7497
3952
11867
11198
5217
560
10926
2995
1246
137
993
4228
5629
4382
2697
4621
5500
6060
1117
2124
9186
7063
6945
4948
10170
11494
4757
421
4567
3771
8001
3014
1764
10282
8036
7587
8332
9008
654
2964
79
2767
10018
5410
10304
4403
6783
11397
5842
235
2403
265
8414
9467
3251
3921
7087
10033
2125
6707
6313
3487
7104
3873
3073
7034
2418
11786
6046
5734
3129
11100
7539
8121
8874
7531
7078
145
1803
1741
8082
9365
6051
2002
1987
5661
2703
6913
5472
4568
3189
6354
10092
8392
1401
5246
7690
6842
10552
10312
1350
2774
906
3169
487
9890
4978
9499
9780
7904
3691
7875
3262
8674
6149
7028
6740
200
11360
8896
10057
10131
4160
10779
7342
6591
1993
3195
2465
3613
9905
2793
10302
5380
2221
5704
8246
7723
10856
4188
10522
4965
2080
2240
2452
1214
1752
2042
2704
1591
3687
8695
2855
4636
10767
11636
5292
298
5781
7452
6472
6382
8697
10512
5033
10249
5190
2923
4991
5827
11709
11733
1465
588
3251
9156
7891
5217
7202
6798
9617
10027
8250
1401
5051
985
7330
3613
2225
6313
3915
10593
7647
4164
9727
3953
3765
6754
1008
2647
9136
2575
7991
7820
11581
1984
4083
3494
11119
8449
5458
3143
10435
8120
4423
9790
9883
2174
830
10221
1741
11501
5239
8204
10421
5817
1195
1339
7817
5175
4149
9214
5719
7111
984
10983
2412
7296
5000
4346
6117
9569
419
11064
9845
2625
2079
10747
2535
7397
7992
4588
6017
3279
2747
10046
2359
10889
10527
2180
1622
7927
1563
11405
3789
10956
5368
4895
6835
1581
1926
3688
5444
2480
244
11728
11777
9176
4295
8675
7019
9153
9348
1254
67
3090
3026
6229
7796
7480
5199
7811
3736
7793
877
9353
793
10613
4801
7660
6819
3788
5226
6052
11370
11690
3681
5525
11916
4013
9049
3919
4064
5349
2322
6960
11008
6885
10710
8373
474
9092
561
8938
847
1156
9596
8468
9964
9171
6488
106
6192
8743
1662
11191
2017
10663
1390
1114
5210
10715
1920
182
8003
2409
9296
10447
2319
606
3925
9782
11178
10490
2664
182
4794
4223
5296
4351
6705
8914
2759
1081
10400
4123
3338
11750
4494
11177
4266
7461
8386
9930
11786
2942
2656
9377
4689
11242
11103
2665
8741
8609
10374
6553
2079
9618
4571
264
4832
6713
9979
6923
7641
1743
9269
2443
3652
5931
3033
11677
2765
4887
1461
8103
1523
8873
224
11023
1031
3457
348
1423
8621
10023
9846
2134
6726
11322
5343
9833
4529
6294
10692
5683
432
10853
10764
4032
8245
1163
6128
8634
1226
3108
4252
1210
1707
10261
7168
3949
6033
10576
2191
3671
869
7378
11331
908
5695
8912
10458
8010
7386
4780
11084
2689
4278
7071
5759
11015
8947
8770
8668
10896
7196
6280
11888
1486
7312
2421
5100
11693
6668
3255
178
2114
8082
2385
6155
9236
8072
2090
6456
618
5275
11720
7111
7051
11744
2243
7788
8294
8731
5638
5076
9048
11757
5039
5325
7157
9405
6116
6670
6838
4237
108
6526
5847
8593
4273
1873
7016
764
4188
11083
7467
137
8445
9836
11097
9390
11701
11816
7527
1657
6881
5448
7764
8845
7546
851
11169
5852
8975
6449
4111
4452
3506
10384
1836
1929
7960
3903
5537
5320
2708
4302
573
4186
10988
9814
983
5345
3552
3993
10110
3826
9516
6685
1166
5579
1531
6607
919
3014
5913
6821
497
10502
10364
1096
3402
5252
11223
165
340
5758
6866
6304
1397
7104
3999
4477
6296
11880
6970
10421
9158
3328
11121
2633
11174
11582
3333
6089
8986
8445
6543
10865
2337
7135
1941
6464
5696
4814
10864
8715
11068
11388
2137
2522
1070
6242
9661
4522
8658
6984
7493
4915
6480
9187
7512
9218
8867
7309
1945
4666
10862
2592
9603
6244
7436
7726
8626
2004
4186
6403
1876
8384
4322
2639
3795
3638
3625
3820
3617
7301
9336
6938
1312
11763
8570
7318
5405
8583
6837
11366
2058
7090
5681
9496
4364
92
2171
8352
9734
3216
4132
4794
3617
4413
11522
11877
5455
602
229
7123
1875
9203
3843
9888
4566
7488
1576
3468
2087
4228
10541
6837
10101
10008
3950
2490
11056
8900
9593
4872
4302
4838
9068
4197
4970
1091
9754
3236
2620
6636
6413
7706
6739
9040
7543
2419
5634
5610
1288
9171
4082
7141
8661
2610
11286
9474
6279
4898
4282
3402
8534
993
876
7113
284
5706
8518
1391
9634
7437
7224
6252
6299
11587
3716
2441
262
5131
4430
411
10116
6696
823
939
2458
1699
9651
11457
9112
1733
7436
464
11713
7350
10308
9048
3305
9750
5708
9607
2157
7617
5169
3258
7837
450
9442
3230
5889
1213
6693
9689
1071
994
1313
6001
2126
8567
11100
9360
1460
10398
10124
1968
2839
7579
5549
4678
1372
9542
3019
991
4554
8150
874
11776
5028
3843
2595
7819
6981
15
9282
528
743
2649
1801
2612
2149
3453
9453
525
626
10387
8576
8701
8721
11389
4440
6324
7923
11524
3133
2390
1152
10469
4816
2248
3161
6377
1815
10591
6372
7626
468
10054
7286
1827
4442
1089
7657
3696
11479
5748
6940
7979
1070
1238
6367
2640
11505
10857
10071
10823
1099
7880
7221
3898
72
6451
11040
1927
2623
10288
7774
442
11228
5200
7396
5226
2971
6928
3778
8056
4950
7789
9486
7943
10349
7836
1097
10412
10746
4963
11087
5696
7505
5407
3839
7468
7864
9508
214
2829
1335
7399
11388
9748
1536
9466
8289
4024
7370
934
0
4042
1673
888
6838
232
1036
7312
11642
3085
9434
9398
3882
2978
2641
6421
7739
6746
100
899
11210
4079
9986
4544
503
5287
1660
4682
687
4827
11532
6359
5518
2235
11542
7269
6783
9685
4053
2936
10253
1409
904
6255
7481
2535
1673
6513
171
1656
6918
4474
10761
10535
2241
9863
3108
9835
4449
3769
8794
3624
11935
3043
7598
1611
7575
659
5057
4729
4040
3315
9805
2582
2346
1221
10512
8712
2806
9051
2752
9307
11229
3465
4038
7113
6319
7402
492
778
4632
6499
11277
10726
5305
543
925
5867
1961
796
3074
1070
9774
6280
9905
3318
11599
4846
1679
8780
10453
3820
326
9816
2259
494
5880
3989
8909
2500
6852
6681
5107
6260
9249
6727
1285
6279
7964
6742
5101
2942
4657
401
7583
9774
5992
1928
2944
4797
3247
2388
1407
8654
10817
3128
8093
8589
3025
796
6085
10174
7900
2867
2234
11815
1247
9444
2105
8661
6312
6347
11649
6395
3765
4098
1769
1737
1448
3391
9894
1124
11520
10010
2001
6077
2086
8846
11218
9196
3340
1825
9229
10508
10465
1990
10132
68
9214
11872
9250
11234
3057
6485
1560
9997
11229
5915
10022
993
10703
3429
6994
8521
325
398
286
2938
3785
9055
11066
9185
4049
10223
5944
3039
11101
3607
3966
3817
11477
7127
9123
9809
4129
973
4129
10653
478
11691
1840
5138
5337
11580
10607
1587
11487
1024
5189
9045
6211
2139
5556
4868
10970
1192
7976
4144
3690
6756
10245
10527
10733
4405
9720
8604
10659
6972
9033
4836
272
2042
7946
1425
7186
5272
2709
7088
8315
7538
689
6808
6166
11614
11636
9009
737
6189
6131
11425
2051
1527
8113
8083
9021
11920
8293
3376
6333
3309
381
5101
10431
6066
4705
4653
4452
6900
1685
7220
8078
4211
10979
7870
7810
1949
4831
8834
6039
8126
190
7096
5544
11636
1642
9555
9711
10861
10020
3564
7746
3799
5746
11598
4567
10039
5548
2051
2804
7899
4116
1868
1489
11387
638
4744
2516
1387
5779
11043
11843
7567
7832
375
3672
8003
11124
8959
10478
4339
1672
9418
9762
1571
4219
10582
7812
1113
11379
9166
7483
3815
1580
1869
7182
3930
5797
9455
11724
11773
1781
5824
10629
7930
4547
861
7693
5323
7365
21
11287
9336
284
4143
5865
392
5444
11925
9551
2019
4
8751
8412
8385
436
1278
9197
676
4309
11172
800
5380
3337
5862
620
3683
10558
6930
1221
5641
4980
9935
1371
3654
8816
9032
11517
994
11666
5629
11151
764
2542
650
4297
10606
8623
620
5455
880
4914
8844
11891
8726
7695
4354
11011
7545
736
9116
1830
4926
2681
4128
9211
7862
10830
9601
6510
2392
6769
5337
4693
3330
2846
6685
5735
6812
1454
9163
11243
7667
7408
10841
11778
9405
1389
8015
10199
8687
9520
8500
5665
2644
10575
10019
11520
2253
4151
4731
328
6213
8325
10843
2701
5374
7920
6541
5318
11747
10402
2169
5694
6480
1812
1587
6732
9909
1786
1097
9017
5927
10833
2097
7043
2337
8455
3783
1218
2783
1536
10800
4496
19
2631
9606
10871
2927
1337
8659
10740
642
10901
1165
1262
6528
6540
7199
4371
453
5628
8396
10960
7933
5003
7241
9060
3192
3091
4113
10419
8027
10348
8822
7939
3633
2758
5262
3806
6093
7657
4114
8901
10284
5133
1199
8212
1239
1567
8122
2515
6795
572
5264
1419
421
677
4972
1197
6616
4525
977
4404
9128
3214
2583
3334
10458
1588
1134
11743
7749
3846
7509
5012
3095
11823
9103
2091
3705
8593
10767
5041
9067
3738
10621
11909
353
11743
6426
11924
1814
5365
7386
6608
2740
11703
7777
4471
3807
11861
10743
6283
3243
1692
4857
4705
10205
11035
755
2215
1136
6217
2146
4738
7593
7246
2969
7302
5137
9245
2217
8306
2358
11078
6152
10597
6987
6986
8145
6605
225
1216
11322
5124
1094
1224
471
11130
1523
11959
1343
9146
8302
4102
3513
5165
7719
10765
7401
4055
4827
8301
10827
2609
1766
1277
7652
3050
8403
11508
10610
9810
11811
10236
8328
11790
690
7130
6848
1070
10816
3710
621
5174
3991
144
6994
9502
7631
9052
5615
11440
9323
2023
9990
5906
4072
2023
2586
1738
7888
9656
7413
9337
11547
9488
6952
6361
8989
176
1557
39
11782
5115
3177
5796
2450
637
11229
410
1185
6495
4921
11778
6566
6436
3082
8681
9403
5112
1742
506
9652
5425
1253
970
9617
11568
10630
11206
220
7622
7126
4392
1121
9511
9690
6201
7842
7444
8
6883
7726
10660
2261
3668
7743
390
4505
435
2553
10370
6758
1253
1169
11089
9417
1380
736
6145
10556
3710
10575
8641
5930
2428
613
4538
1196
2742
7687
8165
7905
6107
8918
4829
11211
214
11481
484
4076
4291
4556
10944
7881
910
8122
2866
10927
11478
10470
6001
2197
6
7916
10738
2072
10496
2189
6925
10345
5425
5319
5304
8918
8312
8563
7544
8001
6261
7050
6983
6410
6603
7260
5599
8731
5426
8355
11586
4666
6777
564
76
4796
9706
4471
9164
2278
4103
10
4293
3666
5384
7330
435
103
628
11427
3154
522
10621
4559
732
1313
9554
6905
2007
6062
10743
4821
362
10522
2741
5262
5511
11895
5632
4532
9339
11778
8015
1536
7939
6829
5366
2021
5376
4213
1944
5066
7352
4339
5306
8160
3078
9161
2771
4692
11042
8523
10779
5532
9254
1523
3145
6636
2689
4836
4543
3157
4268
9193
9365
5603
637
4903
5206
851
8348
3334
759
4647
3724
9702
7759
4242
6788
9293
9920
10358
8072
10421
8408
6507
2941
6970
11428
4906
5281
5280
6872
11868
2957
8426
5759
7495
7424
1623
2312
10887
3152
7520
4040
4775
3285
11560
2081
631
5963
3394
6322
756
5252
4482
5442
1723
9387
2580
9047
7768
1286
10716
11447
3347
1835
3541
8381
7023
1396
9646
7143
10253
9332
6431
5076
6317
11030
6570
3264
8795
4963
9884
7550
1422
6818
9612
7607
8061
9506
7619
8838
10715
5077
4973
9232
3142
7168
660
96
7595
4501
7819
1690
10577
11343
7972
2335
10224
7470
5111
4423
5034
6316
1304
5040
3152
3381
5662
8530
9260
9836
5036
3365
4362
4441
7731
4050
4360
478
4840
4561
6289
11334
9435
8958
2443
8719
7926
9319
2356
5178
10293
11023
2687
1642
701
693
1577
5214
3185
713
10862
10202
8607
280
8771
6624
7035
315
5370
2964
9965
2324
10931
11925
1498
9445
11840
9245
10593
7418
1308
334
11971
6111
7328
1572
1018
8483
3739
6553
8200
1519
2163
10388
1066
678
2776
3374
2803
5766
2500
10916
3633
5934
170
5536
6984
4621
3609
1120
4424
9769
1234
11264
7757
2548
10965
8662
7477
11060
1658
886
1955
10148
5163
7800
7243
4449
306
10980
5341
1191
9738
6135
11038
6045
6547
5453
6102
11411
3895
125
663
8106
1668
11985
3029
2236
1239
5310
10970
3357
8916
11244
7686
3621
6514
10139
2201
6636
9708
5322
855
9166
9429
5349
9865
4521
10572
10778
4557
11677
9594
3796
2977
6621
4352
746
1946
6351
9625
4681
442
3197
4222
3498
4382
7757
468
3066
2373
8794
8073
3908
3960
9777
1978
4635
4166
2543
5801
5223
8809
693
8802
8587
4100
10816
1058
11577
1457
4575
6630
8616
2278
4893
9993
6650
11542
3156
10830
4870
3699
9337
2560
6920
5191
3354
10543
10832
5256
3712
6906
6903
4341
2629
4269
6040
9461
7360
413
8823
315
3322
3993
4559
2693
7862
5926
8125
8943
2179
7903
4137
6763
8901
10721
1256
5520
4205
4742
3964
3597
8157
749
1127
8912
5032
3840
5953
3831
6944
9723
693
11087
8972
3881
1467
5115
222
1571
8067
3396
8930
8440
8419
8926
6696
7823
3573
5864
1341
7345
10654
3681
9639
8462
8194
8824
4305
1912
2546
4950
6136
7798
11805
3167
2099
11094
8733
6575
5402
3905
4627
2511
6232
10592
11899
11469
11863
9173
10330
11596
6207
11978
542
1920
7657
6513
10185
6187
6188
11879
3633
170
238
4775
10720
4785
10706
260
6101
1089
11747
11910
6263
3456
5610
3858
2061
5725
9827
11445
10830
4058
7418
11821
1707
3535
10552
6789
755
9170
5239
5582
2785
6090
11139
8942
8494
4023
6449
6033
586
10050
1123
2143
11026
8723
4275
6034
5358
10216
3657
9000
3267
11073
482
7305
3081
6437
5616
7662
1926
1275
3314
11758
2504
11190
10173
8566
4217
8824
7872
298
2392
7612
4522
1311
856
8887
5097
7161
3879
2792
10415
1211
1762
457
8535
4815
3867
119
4193
8069
11880
9589
7045
1490
4384
5475
11973
4710
5555
2003
6636
364
3829
5077
4668
5848
10877
4365
3593
476
11018
11767
518
2792
10413
4529
10071
6387
5961
3539
5790
582
3753
8053
4325
4656
2285
1101
3327
11065
4297
7262
4750
168
9230
6281
9624
485
9687
6183
1902
4361
6141
6055
8090
9115
334
7625
1673
2407
9365
10009
1175
3486
11430
3718
3787
1379
2496
8023
7032
8769
2892
2199
6802
470
7872
1984
9394
3830
10651
3735
1769
3290
4254
4306
4317
539
9697
4606
3739
3309
10607
7079
2489
11853
2330
6011
5282
8473
10907
623
4754
232
7999
2318
3188
6055
9890
3251
7530
8934
6195
7545
523
11782
8672
7045
1803
9734
6781
2376
9220
2280
4162
11430
4350
11611
5208
10994
9362
897
11176
7350
6876
5963
3023
4046
4341
1934
1199
5843
7741
10874
1099
11030
2058
9346
2688
3805
5929
2
8006
387
7343
952
10864
10751
7955
8626
944
625
5760
4200
5896
11360
5361
4392
7664
2742
5966
4537
9409
5606
3492
1320
791
3257
6815
10434
4235
7271
5203
10606
6984
10155
10347
2105
1327
4635
190
768
8336
5026
868
9972
761
10145
1603
6693
8455
1705
5269
7917
4745
4849
6614
2115
2638
8711
4761
5388
3564
6406
617
5090
2558
5769
11210
5367
2367
461
7733
994
4892
11734
224
2293
3739
6178
1284
2611
309
194
8183
4951
7963
9740
6908
5845
2238
10054
7370
388
11900
6598
2006
10605
5845
9406
4380
5909
2410
279
10161
3414
6626
9974
5984
11185
3237
544
227
5285
7059
8431
3605
11533
9270
6688
6752
3415
2718
5885
10604
407
5122
790
3400
8233
2280
11840
9510
8151
3922
2703
52
371
6848
1913
5408
1056
9267
1579
9257
3072
9002
5618
623
9779
10240
1729
10704
2622
3020
11505
8891
7153
2422
3620
9379
6313
659
3954
2180
6453
6817
7792
10094
2511
1958
4924
10340
2151
1620
506
10052
10371
5445
8949
8745
2221
8734
2917
6109
1733
1200
2676
109
8021
3976
4556
4431
8760
1182
11253
3635
4821
6880
937
11192
1863
8240
8849
3686
5005
1026
10074
9997
1448
8240
1618
9134
9013
10816
5707
6703
2053
718
6384
5564
4046
3614
8035
9306
10396
2494
11374
5512
3603
9184
11753
5566
9905
9654
8260
8898
1887
11329
10190
4044
3260
2336
7833
834
8123
9671
5341
3221
11506
7732
2602
8971
4845
4485
4595
8372
7270
11731
10601
5570
1191
8508
7960
2866
2647
4628
1718
6450
7252
651
4560
11567
11279
5318
2829
2002
10538
3527
238
1002
3203
7390
9048
6436
2573
1726
5019
11969
9983
9561
3372
10424
10714
8755
8271
11270
697
7854
6040
9322
9191
5561
8325
8214
4316
9947
5878
6141
6458
4566
10379
591
9021
3122
949
11434
8868
4130
5465
1768
12
2227
6794
5270
7744
9369
6282
7593
8342
7076
1555
9480
7876
10244
2696
4763
10345
1709
8299
1327
10500
2849
2695
5348
174
10939
1805
2790
10801
10815
3605
11122
9034
4592
2153
10621
993
6754
5354
6392
3620
6888
372
11355
9015
8666
591
8983
7328
3354
473
4440
1895
5228
11451
8054
10789
8715
9146
7662
1826
2889
5764
4424
9253
2179
11428
10034
10010
10692
8503
71
3390
3526
9636
8325
8297
9747
7274
2481
7041
2439
1856
2396
11686
5270
9635
4512
481
8493
7298
7518
3731
10123
1053
11462
10721
216
8802
841
9884
3762
11286
9987
11413
10656
9791
10195
2842
9522
7989
4564
9893
1873
9983
4378
8932
4168
11343
10159
7924
11766
7141
3119
7583
613
10509
776
5663
3677
3169
11881
10940
11753
9687
8554
5422
4175
7844
1676
5653
2317
6598
7092
10756
1458
489
1061
5899
10664
9169
7665
7428
3779
4875
10497
1679
1452
7228
8010
11800
328
3655
4228
9439
9090
11004
351
11197
1998
9627
11868
3061
6910
7218
8334
7784
6435
2115
10852
10268
7968
10587
5542
8512
10816
3775
11939
2498
6397
7507
3270
10678
6769
121
2924
1279
7244
11735
10226
11641
2852
7054
6738
11177
11704
10857
1823
2242
3020
6721
9111
4329
7670
5342
3749
2479
4496
2963
5965
4644
6537
8974
1481
8987
9474
6678
3708
10692
2156
2467
2401
2851
72
4389
603
3339
6890
3051
4211
1327
8957
2300
4387
11181
10664
7835
10299
7991
1066
1157
307
5804
11961
3732
7737
6887
4837
201
2746
1944
8652
11762
6577
5195
10389
11501
2608
8566
7620
4501
2126
11993
7053
8984
9647
7931
7063
6507
860
11640
7692
3446
7894
10689
4424
6490
1662
5332
6214
5838
5363
10035
1861
9040
7043
5384
9727
4132
2209
9000
8173
4709
10026
1777
1725
10063
4507
9897
3116
233
1365
7526
7754
7040
9829
1986
1019
1702
8763
4396
5969
5520
1773
10396
5633
2472
2777
9548
3996
7155
5650
8361
11121
6616
11056
6621
6539
5993
8462
1801
3129
1699
5614
3827
9139
2040
5368
10310
842
1703
6787
4595
510
5479
5809
7593
3958
7862
10554
3311
6881
838
3449
7395
11500
2236
8902
1695
10759
11405
1114
3972
6381
7798
3884
8378
11530
11195
4906
7149
6660
11848
3072
11213
6337
10753
654
7020
11385
8534
11052
10861
8640
10102
871
6322
7976
11296
10646
3225
8884
7122
1407
9546
7044
9010
2528
5243
705
665
1954
4816
1579
10645
6908
5622
7087
2701
7569
1601
2435
2222
5954
1030
7893
4788
3414
10284
5014
2872
624
5315
9196
3168
5857
8662
9095
1792
10588
6289
5827
9785
8117
3399
716
4895
4891
3614
11572
3514
1628
9492
26
2953
6057
363
10418
6913
5290
1799
6046
23
1280
3773
9298
8780
1777
3665
8244
3963
5394
9757
3736
7822
7079
705
9860
3827
11277
8717
6822
11727
10445
6775
10885
9936
10378
5195
6940
8936
4900
204
9637
7432
5020
10931
10660
5419
7514
3302
842
1095
9172
9846
6242
5743
7583
5215
11145
8235
1337
4525
10134
732
11906
7162
11968
3449
255
4726
1928
3020
11321
4111
8656
2039
5071
1473
165
6784
7676
7922
7806
3892
650
9274
6421
2970
3408
4031
11716
2615
3714
10019
4108
4287
2899
691
11880
3723
8456
7092
9389
1288
5781
8849
4443
10680
5331
5259
6642
1821
11362
9677
5531
584
9665
10864
11905
9145
8352
5825
11398
10301
3779
5893
6695
1029
11044
3426
7291
831
11286
8443
3653
11093
2143
2919
11975
10721
9231
11149
4422
8735
5397
7719
3815
8310
10763
111
9176
8895
10213
2788
9363
7603
5986
7878
235
5986
1424
2156
2353
7575
3687
1014
5176
1274
2384
3441
8036
1700
11587
5824
11870
6
6556
2400
6771
7506
11809
2759
2859
1586
11767
7580
1800
8943
3226
11063
7506
9088
2316
10098
7120
7370
5348
8200
1327
3416
3077
10603
2384
7957
5454
3615
933
10394
8798
4472
748
11290
1594
1375
10015
8092
2752
9280
6579
10991
9182
9226
2762
682
5921
5588
2964
1136
9810
2633
2180
121
4868
1109
3920
276
3984
7326
1685
7956
5497
11285
5246
5850
8434
10921
9432
8552
6845
4332
6923
11802
9689
5152
5779
37
4092
5789
6996
9178
8570
7252
3313
8258
960
8632
1856
519
5282
8054
5863
8055
2673
9988
6840
1834
5782
1333
1923
3136
11645
6498
6073
8956
1086
11959
10895
2862
3070
11385
7480
4078
6185
7380
11595
9234
4592
3261
9880
9265
8258
19
5419
10372
11218
7724
4090
4728
829
3091
1613
3800
9650
11804
959
688
7569
9423
3057
3815
5209
2282
10256
2579
2383
9799
1981
2250
7519
1947
5329
8442
7486
10386
10053
10920
6131
4836
7466
254
6113
11794
6236
5056
6243
2493
6865
2030
5552
11303
859
10015
5710
8306
4151
4473
1163
8819
9308
565
1496
1959
3353
2971
3059
87
7766
5052
8747
7060
6262
2746
2122
3734
6427
5728
6668
1970
1099
3949
7020
3663
6590
9553
4351
2903
1405
6486
10902
3358
7081
6759
2751
1328
2083
5395
1441
7649
396
5476
3968
4728
10515
10544
10899
2475
10013
9715
6012
754
1660
7477
1883
6198
7274
3007
8214
3840
9082
7168
11462
5016
5273
2993
7473
10298
2803
11521
7327
8016
6162
3266
4492
2963
11921
379
4651
4418
9309
5754
6184
5426
4905
853
11333
4556
2713
1948
1420
8901
3492
2775
8295
1144
7114
4268
10290
5775
9113
3056
6496
2373
5211
3871
10045
6886
7759
8756
9350
3384
11410
10180
11899
6580
10220
11660
200
5665
532
6457
1858
6588
3608
10162
5546
4923
4887
6694
1747
8776
5099
1242
11668
2971
8155
6130
5610
9806
3801
347
7341
6183
11482
4688
5655
9769
11685
5959
8307
56
2218
9635
914
1820
3484
8663
6162
436
2715
10744
4789
8878
8502
3493
3355
8952
7619
8282
10658
8425
8236
3372
10949
3191
5058
9098
9714
9456
4743
6426
8823
11187
4168
5113
2203
8631
3672
4981
2994
10746
6362
11520
6242
11670
6886
7032
5725
9171
4781
4981
11382
9037
4585
7990
7080
1922
3328
1110
7085
1966
7869
9492
9622
3767
1728
9565
3299
9873
9642
5076
8907
962
4021
4015
11292
5198
4803
11530
9448
22
2918
11300
3920
724
11621
11684
830
3604
3435
7073
9500
1430
3236
1474
1639
11080
8239
4223
4465
3910
9198
1050
5880
323
10106
3373
4965
1415
1964
738
5559
6262
3943
5753
4593
3557
2283
7645
2091
6752
9766
3742
8400
10737
385
1719
6221
1313
5076
11382
8385
6321
897
9034
5116
11266
4049
8150
609
8634
10406
11128
10308
8834
7955
8297
3129
11798
5600
164
3152
1744
10244
3040
912
7484
6891
733
5486
10873
2696
5916
10893
6598
1466
2073
2145
5501
4090
2578
7374
6973
2660
11528
9018
7694
3780
5351
2901
95
7603
11016
7309
4392
3624
7824
6827
4924
2033
9324
7677
4718
8677
9790
6704
11845
8221
2017
6930
7087
71
9826
691
10806
6919
1759
10943
3632
10508
9804
4149
4681
11247
4844
470
8519
5784
6640
4588
7913
9459
2735
7518
3676
10762
9571
10144
9477
486
6403
4972
10505
9229
4261
3756
2213
1205
6271
11118
7097
2046
4027
2217
3579
3328
9552
9757
1533
11018
7490
2262
7866
4857
11782
9572
10775
10903
8938
6880
4920
4008
2344
5419
9732
2988
6710
4007
11426
2539
10780
3218
2024
2653
5887
780
3794
8400
11686
9116
7001
4330
2593
3528
4699
6623
992
6590
561
2303
196
4654
2311
2376
7419
8164
6318
4755
2722
4604
8283
3106
9907
7411
8653
5486
5755
4077
11517
1693
10824
7918
10220
724
8143
651
7780
1526
1737
8873
7427
9459
10787
3008
194
7442
5550
9959
8455
10708
7829
6915
673
5428
9809
5220
5359
2143
2521
137
5323
5033
4961
10570
6798
3503
11076
6466
3882
5379
8372
4624
934
11207
8801
2019
2223
734
5902
1515
9055
9593
3810
7988
3987
526
9824
9367
9472
3206
6604
7016
8368
5756
2896
3113
6222
1555
2828
5360
127
6705
9372
7305
4137
10760
3490
2027
6860
9879
8757
3608
2825
5515
9949
1040
1568
9092
11100
4641
5104
1783
9964
2021
7592
10631
3621
2836
2434
5650
4097
3247
9941
9406
9469
9991
10909
757
4775
6365
70
8015
10409
10188
6338
7733
1300
2932
4158
5654
4235
11744
5969
53
7115
9946
7916
6775
2703
2874
7407
3733
8609
8554
5996
6430
6788
2726
2266
3301
9763
3094
11030
8216
11049
6479
9110
11451
9946
651
4350
1748
7915
10152
1214
2805
7134
2299
5441
9570
1676
3818
3717
3214
1871
4200
8165
4440
8984
4880
1689
5005
4257
9727
2816
4905
1648
2088
11670
5610
1265
8789
6035
83
2548
7966
236
1987
676
3532
11649
5584
8425
319
8120
4266
6942
6573
6471
3483
4378
4503
1448
3035
3266
963
6113
2272
1851
7113
6642
7684
5185
10029
8851
11707
10904
6772
8512
242
1982
8274
8599
6486
4570
6693
6121
113
1191
7515
7032
3655
8095
8679
11932
6151
10517
7419
3908
9695
4854
11240
10810
5473
10453
6617
7636
4182
1747
5494
6420
1457
9894
9560
3131
9966
11859
1528
9555
4325
4055
3300
9013
2771
3200
886
5964
2750
4970
1357
11190
4156
9301
1859
4200
9891
5891
2850
6871
8745
476
7251
3063
4303
7867
6063
60
11652
5551
7289
9157
9113
11807
2616
8577
9032
4836
9346
10133
3911
2326
1415
1652
3659
6162
9160
4150
2765
662
2551
2135
2477
10761
5208
9095
10777
2977
321
2378
8030
10802
4920
2134
6616
7315
1544
5830
8695
7357
10384
7116
5439
11539
341
5385
11648
4625
10245
10383
7625
11529
9554
550
9476
11178
7439
544
1749
7935
11972
2455
2357
10053
7455
10747
1202
8801
9539
2774
8737
6470
2783
8998
901
6331
3720
5585
427
982
4231
1086
7497
5115
7181
8235
1019
2845
4776
5638
11500
2100
9980
235
1584
9416
4622
7876
754
1609
6411
4254
10529
367
1139
1604
9679
7701
11703
6245
5572
10514
6355
3981
9696
11172
725
8749
2733
63
1665
2627
1268
3489
3869
434
4272
63
6443
1603
10968
4960
10304
9908
10496
5863
8217
11816
4
1436
3744
6857
7358
6378
9082
2399
5620
10834
2926
4545
763
11950
2028
608
11791
11787
5952
744
3511
6611
5849
2778
8642
9718
4678
9116
3793
5537
2303
9901
7005
2625
10324
4110
7169
5495
6205
356
5542
7884
10459
1418
6938
3075
10110
3348
6849
2364
8561
7031
4835
6506
4277
7599
1972
3151
290
2950
2968
5862
11567
6834
1749
3169
7683
8595
10920
1438
7957
6625
4403
7014
7408
7954
6942
1099
10338
113
7806
7283
278
3529
11144
8415
4280
7184
9843
8691
4172
5121
11630
2346
11411
10625
3285
6293
7552
4494
3474
8313
11113
9812
10606
7088
7749
1978
7478
3413
10180
7485
3157
7309
9167
10048
10619
1609
5130
147
8124
8697
3613
9932
1121
7667
4827
9638
1687
4061
5885
8288
10061
11652
8095
4430
5808
9403
4829
8005
2441
6767
1994
6192
5066
6928
5002
10164
3642
4352
1427
8168
10957
2219
1140
11223
10179
10811
9755
6919
4094
5881
6584
10454
4693
6296
11079
7973
3712
4947
7849
9689
2082
3916
11886
930
910
4352
8497
2425
8711
7285
8700
10572
11056
5754
4498
323
7609
11208
1434
9520
11761
10023
235
4159
1585
1286
7101
8990
3863
670
9343
9272
5177
7248
7570
11187
3827
535
11541
6548
11363
3815
8016
1901
6993
9013
7629
2998
9951
7868
1761
8822
91
2126
5834
4968
5572
3741
160
2158
8437
734
3658
6032
10194
3430
1216
5068
10251
11182
8422
617
85
11502
1584
4487
9499
5681
10655
11402
10146
3518
3646
11859
9686
4716
7521
1535
1527
5756
8326
2359
6038
2786
8435
1734
5464
7037
11311
4119
8463
9763
6063
5285
5239
444
11360
29
2748
3177
6858
3023
5204
11742
6366
3644
390
9709
2309
5310
6779
10280
3842
1753
6488
9210
5090
9078
10347
9190
3509
11150
2126
5523
1251
2969
8976
4663
8653
8167
4657
11419
8656
10635
2877
7111
5920
8492
8324
9930
2815
7231
6530
7
235
1850
6621
5395
2293
3149
11400
1198
2496
1061
834
4493
8864
4053
2155
8496
2731
52
10177
10582
4592
3247
7318
10327
387
10345
5940
9623
6989
9426
274
5260
10416
589
7077
996
6450
7866
9543
1189
2833
10666
1655
9505
9107
8088
8259
3976
426
6925
9585
5864
3306
10051
7758
8354
10281
8093
5055
1959
6846
11916
3215
6882
7788
6408
8092
2192
7183
5431
10232
11748
2822
3516
9668
11202
5738
3985
2317
3223
4740
3690
9775
1244
8520
7370
6169
9558
5903
1904
6899
9552
197
2306
2686
10117
10354
7318
8296
10953
1810
4779
4621
4555
5355
1724
1512
6046
3301
9223
819
5831
4449
11488
10557
245
9020
612
11932
5843
5702
6543
3154
7971
5375
8494
1562
1501
11814
2981
6499
3296
10825
5025
1736
4023
9775
4789
11927
5336
11356
4039
10634
5251
2710
11268
7944
9697
7630
1213
3506
9787
9624
7699
4004
8248
6973
10361
4687
4749
11682
3783
6490
6552
383
9916
3638
5930
6724
7422
7297
11218
3709
636
4929
10179
665
4369
448
10495
5199
6593
1096
10780
7475
5309
9169
10391
568
10478
8282
7637
383
8904
829
11625
11771
9278
7593
7059
6
8365
2191
7693
641
7375
10088
8945
8049
4085
10374
3366
11579
7099
10323
6158
2269
11880
5953
7899
4456
11798
4369
11894
7360
11397
5636
8253
5899
11469
11240
1837
7437
10223
10911
2631
10142
7979
3627
8899
8792
6246
107
9627
11605
7956
4886
11344
590
5818
6289
7269
2376
10363
190
2086
8183
6263
2389
11271
10772
6821
8760
5965
4705
10282
2028
786
8138
3730
7113
6795
1627
10789
7414
2948
6075
6221
8238
981
5942
7745
2776
2511
9250
2995
4618
1504
2651
1520
2714
5875
7978
6097
2040
11062
4222
6334
11931
3803
5726
10668
2085
10180
7696
10333
7730
113
7733
6724
10245
9070
3108
3831
11727
658
7905
10002
5584
11048
11897
8280
8178
3879
2161
9936
2847
2297
4979
5505
9368
1230
11397
11793
4966
1782
9152
5754
7453
10781
4246
5024
6864
4108
5503
4113
11209
2279
8808
4873
10487
11118
6497
9826
9084
6978
9508
5303
1991
3026
5406
75
2987
534
8275
8259
989
2893
10768
758
8237
2252
8189
9354
6801
7222
9534
7820
2089
8989
4794
2981
5618
2497
5572
5681
10261
9014
1225
937
1494
2434
7222
6304
7882
108
6341
1580
1105
7759
8542
11455
10286
11222
2020
5574
5188
9308
11948
7700
74
9963
798
9278
2574
2240
10897
10687
11861
1231
6018
5805
1761
6162
10295
10258
3134
1286
1667
2822
5912
4965
9300
6936
6646
6551
6065
9118
8242
11167
6196
9341
6754
7446
10587
4997
3678
6560
4003
9076
5146
4543
11577
10545
3742
5954
10494
628
355
11351
10645
8809
8563
1823
5303
8842
4497
7021
5496
11940
941
6642
5781
5496
7647
9265
8486
9349
6395
4713
6282
7543
7288
8791
1052
7917
2108
286
547
4561
7230
1552
11217
5316
691
3758
11854
1945
1448
10098
313
4470
1687
4753
10618
1408
9243
340
4112
225
10754
7888
10098
7327
3158
11007
4537
4257
5412
6008
9895
6479
6061
110
7109
9274
5322
8693
11901
3716
829
7696
10322
560
11978
6836
388
7136
7041
1199
105
5895
5760
9092
8887
3278
10116
8677
9547
9918
11259
976
3548
1904
7309
8235
11055
5965
4798
4438
11645
4902
5983
4936
11118
5430
5070
10680
2894
8873
4599
9486
855
7703
6818
6035
6262
9934
1812
7998
6502
8727
8476
1694
11940
6285
10137
3134
7034
9223
3690
5079
3142
9101
5562
5910
5066
10623
1650
5661
9415
3279
11572
4473
235
1772
147
3021
4125
6595
2973
11146
1206
2430
6277
11945
11785
6820
1955
4024
11496
4632
10719
6357
1910
3335
9816
2439
11278
3951
4504
6880
1064
10796
8759
2574
8330
3699
10200
3830
5765
5398
7195
6531
6324
10141
6435
10434
1933
1281
8959
9143
5596
3728
11674
4064
3539
3624
5888
1841
10596
6443
8181
8301
2142
7979
143
7857
9172
8257
2080
7609
9969
2390
5741
10065
11871
10792
2445
1417
10223
3836
5680
7763
2422
5195
5328
3422
3287
7561
107
9687
1573
4297
11664
10887
4491
6820
7933
1551
5463
91
2959
7754
8122
3604
7331
1420
6684
8586
5694
8346
7343
5878
7519
7202
9225
7066
6357
7474
6695
9886
3282
3564
11452
3830
10039
5735
2855
5066
10612
6562
6310
3422
10498
5802
8318
6131
934
7290
2905
5438
2632
10501
3680
11845
10298
2833
4651
9921
3259
8472
7186
9060
6992
5840
2147
5421
1159
8216
9231
11551
3974
10986
5957
2740
262
4313
2464
6195
5564
7654
3464
432
10935
2625
5179
6043
4796
11100
2971
11089
3271
6257
2674
4839
10882
3420
7222
4469
7317
11107
10227
2514
5171
2616
1511
10509
8138
2761
8381
10227
3069
1038
8558
4266
6676
9565
8199
6477
6298
9524
1314
1842
8287
5655
3168
10849
4954
2514
7875
7335
3908
734
11414
928
11755
6456
1676
5863
11755
8415
6916
942
5929
774
1129
8702
10492
7909
9365
1669
3134
11720
1891
3600
5774
4854
5377
10159
2861
2395
3915
2296
7102
103
687
2820
11720
5235
2481
8307
6902
2234
2043
2408
8044
10264
7349
7018
8754
6617
6428
10484
4223
1407
1231
11127
10696
10800
6316
9858
6200
8159
3745
5489
8511
7039
10615
2599
8546
6914
2013
10414
2942
3744
11971
4126
10530
1242
4096
5453
9731
10663
2115
954
5615
1418
6412
10731
2424
9577
7914
2625
7804
10491
5340
1867
8856
7325
3799
9378
1241
7201
6146
9525
9237
6934
3247
8098
2510
3034
9437
1656
6760
11670
10991
4103
8039
1715
6287
1463
8659
11796
615
3306
10036
4425
4229
9142
6633
2834
1228
6298
3386
3063
1271
6450
558
3135
7864
6907
4910
2822
8109
2141
4416
5548
9307
2773
1437
10396
5716
7315
351
4982
9986
4489
10081
11105
4476
739
1785
6669
9634
8855
5174
9236
2027
7167
5509
6912
3366
788
9249
4902
11998
6731
11677
1127
7864
3442
515
11713
2801
8424
5612
4960
2323
7074
240
6547
8659
11741
2368
5298
11846
6219
10459
5737
6032
3517
5943
949
11950
5704
3432
8951
3619
8007
2093
7798
7860
3055
11284
11078
5109
7263
10639
2244
9253
5853
7223
9402
10852
7842
10218
7695
8148
1565
4792
8377
11613
4909
7379
3933
10578
4416
547
3284
2599
5762
8954
2148
7751
6846
599
11077
909
1849
7628
7421
3345
2080
2440
3715
4603
9294
9622
1469
632
7390
10470
10272
2537
1014
4420
9448
75
8565
10651
9117
3154
445
7459
5597
1105
1159
706
2482
5398
9935
9695
3536
4712
7046
7296
8691
5918
1856
6981
8007
4555
7843
575
10352
7739
11471
9174
11851
5242
3738
3569
7831
10573
1613
3882
9032
1457
1278
786
6264
1934
216
8791
9486
10614
656
9485
7450
7238
6745
1484
8609
2694
8047
8019
8880
8058
6577
10667
11170
5954
5547
6686
3231
8697
3380
7740
8449
10166
6246
9493
10601
6265
6521
8625
2398
71
998
2279
10797
6422
9583
6772
5624
10702
2424
9587
5954
1959
10995
9266
8982
3271
10703
1736
2809
2396
10863
6964
7585
11267
4693
502
6893
1761
5019
576
11023
1460
4921
2825
3977
2726
349
3605
2588
1463
6015
4977
3028
2274
6448
6093
7305
4543
11088
4601
2004
3058
9639
6065
11558
5331
7656
5047
4773
9644
10412
2613
8116
7126
3611
1435
4441
7785
4325
3534
11359
446
4811
2848
7416
11922
5419
7445
10483
11511
10831
4098
7469
5059
10185
7299
11501
10316
408
3471
2115
6216
7140
5216
9830
10986
1158
9882
2604
11591
8049
7567
2255
4064
5074
9859
3809
2646
7853
8213
6069
11418
10381
11777
3324
1253
11334
6840
8200
5426
5281
11760
6055
11093
3575
4289
10096
1134
140
4689
1611
11476
8258
3834
1189
9027
1659
10714
785
4744
8851
2297
8721
7110
5583
6710
4425
1445
2719
5946
2733
9966
3486
3095
8991
10435
5224
1084
2015
3447
2188
5426
94
8090
3846
4262
9810
8696
9343
11202
8320
7794
9375
8026
11079
2147
1752
3286
4625
5876
6227
1126
2101
9195
3944
388
3604
3173
2929
5112
2239
8189
11565
1
1938
4385
2806
236
635
4442
1142
244
6301
8388
5943
575
9656
900
